v -0.398635 0.299049 -0.381728
vn -0.640019 0.646573 -0.415113
#_#tangent 0.431412 0.749458 0.502192
#_#binormal 0.635813 0.142327 -0.758607
vt 0.171768 0.776496
v -0.398635 0.299049 -0.381728
vn -0.640019 0.646573 -0.415113
#_#tangent 0.431412 0.749458 0.502192
#_#binormal 0.635813 0.142327 -0.758607
vt 0.401053 0.71501
v -0.441697 0.299049 -0.0815938
vn -0.424716 0.429065 0.797194
#_#tangent 0.883935 0.386821 0.262734
#_#binormal -0.195641 0.816255 -0.543555
vt 0.182326 0.598633
v -0.441697 0.299049 -0.0815938
vn -0.424716 0.429065 0.797194
#_#tangent 0.883935 0.386821 0.262734
#_#binormal -0.195641 0.816255 -0.543555
vt 0.418611 0.681626
v -0.187621 0.299049 -0.0815939
vn 0.652838 0.707115 0.271643
#_#tangent 0.504499 -0.686729 0.52334
#_#binormal 0.529775 -0.232412 -0.815673
vt 0.00976563 0.616957
v -0.187621 0.299049 -0.0815939
vn 0.652838 0.707115 0.271643
#_#tangent 0.504499 -0.686729 0.52334
#_#binormal 0.529775 -0.232412 -0.815673
vt 0.444212 0.700163
v -0.230683 0.299049 -0.381728
vn 0.385541 0.389718 -0.836348
#_#tangent 0.919963 -0.22877 0.318328
#_#binormal -0.0669976 -0.891859 -0.447324
vt 0.0243132 0.77774
v -0.230683 0.299049 -0.381728
vn 0.385541 0.389718 -0.836348
#_#tangent 0.919963 -0.22877 0.318328
#_#binormal -0.0669976 -0.891859 -0.447324
vt 0.417976 0.727263
v -0.398635 -0.505045 -0.381728
vn -0.319553 -0.646032 -0.693201
#_#tangent -0.903375 -0.0120158 0.428684
#_#binormal -0.285496 0.762757 -0.580252
vt 0.0989375 0.707926
v -0.398635 -0.505045 -0.381728
vn -0.319553 -0.646032 -0.693201
#_#tangent -0.903375 -0.0120158 0.428684
#_#binormal -0.285496 0.762757 -0.580252
vt 0.342388 0.796032
v -0.441697 -0.505045 -0.0815937
vn -0.849432 -0.429066 0.307192
#_#tangent -0.273049 0.855523 0.439915
#_#binormal -0.451562 0.289799 -0.843865
vt 0.124794 0.680463
v -0.441697 -0.505045 -0.0815937
vn -0.849432 -0.429066 0.307192
#_#tangent -0.273049 0.855523 0.439915
#_#binormal -0.451562 0.289799 -0.843865
vt 0.330078 0.635062
v -0.187621 -0.505045 -0.0815938
vn 0.353616 -0.72054 0.596471
#_#tangent -0.908162 -0.0653537 0.413487
#_#binormal -0.242976 -0.722039 -0.647782
vt 0.0989375 0.662284
v -0.187621 -0.505045 -0.0815938
vn 0.353616 -0.72054 0.596471
#_#tangent -0.908162 -0.0653537 0.413487
#_#binormal -0.242976 -0.722039 -0.647782
vt 0.502877 0.619141
v -0.230683 -0.505045 -0.381728
vn 0.771082 -0.389719 -0.503539
#_#tangent -0.201535 -0.898811 0.38926
#_#binormal -0.602215 -0.19972 -0.772949
vt 0.0818454 0.695909
v -0.230683 -0.505045 -0.381728
vn 0.771082 -0.389719 -0.503539
#_#tangent -0.201535 -0.898811 0.38926
#_#binormal -0.602215 -0.19972 -0.772949
vt 0.489845 0.796841
v 0.251365 0.299049 -0.380202
vn -0.640019 0.646573 -0.415113
#_#tangent 0.589111 0.0660919 -0.805345
#_#binormal -0.493278 -0.759984 -0.423203
vt 0.712937 0.558781
v 0.208303 0.299049 -0.0800676
vn -0.424716 0.429065 0.797194
#_#tangent -0.356097 -0.888756 0.28863
#_#binormal 0.832353 -0.161292 0.530258
vt 0.678711 0.567123
v 0.208303 0.299049 -0.0800676
vn -0.424716 0.429065 0.797194
#_#tangent -0.356097 -0.888756 0.28863
#_#binormal 0.832353 -0.161292 0.530258
vt 0.209526 0.644531
v 0.462379 0.299049 -0.0800677
vn 0.652838 0.707115 0.271643
#_#tangent 0.576405 -0.713292 0.398713
#_#binormal 0.450486 -0.129714 -0.88331
vt 0.748091 0.537109
v 0.462379 0.299049 -0.0800677
vn 0.652838 0.707115 0.271643
#_#tangent 0.576405 -0.713292 0.398713
#_#binormal 0.450486 -0.129714 -0.88331
vt 0.182617 0.664749
v 0.419317 0.29905 -0.380202
vn 0.385541 0.389718 -0.836348
#_#tangent 0.882788 -0.419057 0.212314
#_#binormal -0.267406 -0.819841 -0.506314
vt 0.724129 0.556287
v 0.251365 -0.505045 -0.380201
vn -0.319553 -0.646032 -0.693201
#_#tangent -0.347429 -0.599914 0.720691
#_#binormal 0.881412 -0.471218 0.0326597
vt 0.754627 0.664777
v 0.251365 -0.505045 -0.380201
vn -0.319553 -0.646032 -0.693201
#_#tangent -0.347429 -0.599914 0.720691
#_#binormal 0.881412 -0.471218 0.0326597
vt 0.248145 0.77888
v 0.208303 -0.505045 -0.0800675
vn -0.849432 -0.429066 0.307192
#_#tangent -0.138087 -0.381121 -0.914155
#_#binormal 0.50931 -0.818932 0.264489
vt 0.712937 0.68625
v 0.208303 -0.505045 -0.0800675
vn -0.849432 -0.429066 0.307192
#_#tangent -0.138087 -0.381121 -0.914155
#_#binormal 0.50931 -0.818932 0.264489
vt 0.267886 0.733641
v 0.46238 -0.505045 -0.0800676
vn 0.353616 -0.72054 0.596471
#_#tangent -0.937907 -0.202667 0.281524
#_#binormal -0.0642256 -0.696088 -0.715078
vt 0.242225 0.748016
v 0.419317 -0.505045 -0.380201
vn 0.771082 -0.389719 -0.503539
#_#tangent 0.0869973 -0.716504 0.692137
#_#binormal -0.629055 -0.578248 -0.519537
vt 0.775056 0.650024
v 0.419317 -0.505045 -0.380201
vn 0.771082 -0.389719 -0.503539
#_#tangent 0.0869973 -0.716504 0.692137
#_#binormal -0.629055 -0.578248 -0.519537
vt 0.214997 0.77092
v -0.209441 0.315925 -0.699142
vn -0.640019 0.646573 -0.415113
#_#tangent 0.680999 0.727529 0.0833237
#_#binormal 0.357468 -0.230965 -0.904915
vt 0.548181 0.715344
v -0.209441 0.315925 -0.699142
vn -0.640019 0.646573 -0.415113
#_#tangent 0.680999 0.727529 0.0833237
#_#binormal 0.357468 -0.230965 -0.904915
vt 0.80957 0.669883
v -0.300715 0.315925 -0.0807953
vn -0.424716 0.429065 0.797194
#_#tangent 0.645262 0.761087 -0.0662049
#_#binormal -0.634769 0.485906 -0.600802
vt 0.575782 0.618216
v 0.317632 0.315925 -0.0807954
vn 0.652838 0.707115 0.271643
#_#tangent 0.343567 -0.596609 0.725272
#_#binormal 0.645605 -0.410811 -0.643761
vt 0.650319 0.570943
v 0.317632 0.315925 -0.0807954
vn 0.652838 0.707115 0.271643
#_#tangent 0.343567 -0.596609 0.725272
#_#binormal 0.645605 -0.410811 -0.643761
vt 0.897851 0.582031
v 0.226357 0.315925 -0.699142
vn 0.385541 0.389718 -0.836348
#_#tangent 0.752824 -0.656949 0.0409155
#_#binormal -0.533492 -0.645398 -0.54667
vt 0.862563 0.656468
v -0.209441 0.146401 -0.699142
vn -0.319553 -0.646032 -0.693201
#_#tangent 0.546587 -0.723254 0.422073
#_#binormal -0.774034 -0.24402 0.584231
vt 0.543945 0.623505
v -0.209441 0.146401 -0.699142
vn -0.319553 -0.646032 -0.693201
#_#tangent 0.546587 -0.723254 0.422073
#_#binormal -0.774034 -0.24402 0.584231
vt 0.851448 0.726305
v -0.300715 0.146401 -0.0807951
vn -0.849432 -0.429066 0.307192
#_#tangent 0.076496 0.470852 0.878889
#_#binormal -0.520894 0.770491 -0.367442
vt 0.571378 0.61007
v 0.317632 0.146401 -0.0807954
vn 0.353616 -0.72054 0.596471
#_#tangent 0.491198 0.710315 0.504159
#_#binormal -0.801521 0.141989 0.580865
vt 0.58135 0.526367
v 0.317632 0.146401 -0.0807954
vn 0.353616 -0.72054 0.596471
#_#tangent 0.491198 0.710315 0.504159
#_#binormal -0.801521 0.141989 0.580865
vt 0.92286 0.61735
v 0.226357 0.146401 -0.699142
vn 0.771082 -0.389719 -0.503539
#_#tangent 0.186165 -0.618273 0.763598
#_#binormal -0.608913 -0.682538 -0.404187
vt 0.86886 0.665068
v -0.0133601 0.0673071 -0.749513
vn -0.105151 0.99417 -0.0238677
#_#tangent -0.199771 0.00239424 0.97984
#_#binormal 0.974184 0.107799 0.198355
vt 0.0997843 0.777563
v -0.0351964 0.0640045 -0.753857
vn -0.179631 0.980785 -0.0761171
#_#tangent -0.198512 0.00091911 0.980098
#_#binormal 0.961302 0.19509 0.194522
vt 0.0997934 0.775168
v -0.0566099 0.0585356 -0.758116
vn -0.2844 0.956941 -0.0581423
#_#tangent -0.1976 0.000834393 0.980282
#_#binormal 0.938121 0.290281 0.188854
vt 0.0998011 0.77299
v -0.0773948 0.050953 -0.76225
vn -0.40622 0.905429 -0.123224
#_#tangent -0.196701 0.000928524 0.980463
#_#binormal 0.905903 0.382676 0.181381
vt 0.0998075 0.770847
v -0.0973504 0.0413298 -0.76622
vn -0.462054 0.881925 -0.0933538
#_#tangent -0.19584 0.00119876 0.980635
#_#binormal 0.864958 0.471389 0.172163
vt 0.0998125 0.768684
v -0.116285 0.0297585 -0.769986
vn -0.544623 0.831476 -0.109695
#_#tangent -0.19503 0.00164774 0.980796
#_#binormal 0.815689 0.555558 0.161265
vt 0.0998161 0.766472
v -0.134016 0.0163507 -0.773513
vn -0.621953 0.773016 -0.124978
#_#tangent -0.194285 0.00227664 0.980942
#_#binormal 0.758569 0.634382 0.148769
vt 0.0998181 0.76419
v -0.150373 0.00123545 -0.776767
vn -0.693291 0.707114 -0.139059
#_#tangent -0.193626 0.00309373 0.981071
#_#binormal 0.694159 0.707092 0.134771
vt 0.0998183 0.761819
v -0.165197 -0.0154416 -0.779715
vn -0.75795 0.634404 -0.151801
#_#tangent -0.193062 0.00411879 0.981178
#_#binormal 0.623088 0.772991 0.119357
vt 0.0998163 0.759338
v -0.178348 -0.0335199 -0.782331
vn -0.819865 0.556347 -0.135273
#_#tangent -0.192604 0.00538729 0.981262
#_#binormal 0.546046 0.831447 0.102614
vt 0.0998115 0.756725
v -0.189697 -0.0528254 -0.784589
vn -0.869368 0.480535 -0.115261
#_#tangent -0.192272 0.00696488 0.981317
#_#binormal 0.463802 0.881889 0.0846146
vt 0.099803 0.753951
v -0.199135 -0.0731721 -0.786466
vn -0.906006 0.382689 -0.180837
#_#tangent -0.192094 0.00894495 0.981336
#_#binormal 0.377164 0.923834 0.0654083
vt 0.0997894 0.750987
v -0.206572 -0.094364 -0.787945
vn -0.938461 0.29029 -0.187142
#_#tangent -0.192132 0.0114851 0.981302
#_#binormal 0.287012 0.95687 0.0449957
vt 0.0997685 0.747793
v -0.211936 -0.116197 -0.789012
vn -0.961879 0.195093 -0.191644
#_#tangent -0.192491 0.0147915 0.981187
#_#binormal 0.194258 0.980673 0.023326
vt 0.099737 0.744321
v -0.215175 -0.138461 -0.789657
vn -0.976032 0.0980218 -0.194301
#_#tangent -0.193358 0.0191296 0.980942
#_#binormal 0.0998706 0.995 0.000282188
vt 0.09969 0.740507
v -0.216258 -0.160942 -0.789872
vn -0.980786 8.96971e-007 -0.195087
#_#tangent -0.195027 0.024757 0.980485
#_#binormal 0.00483065 0.999694 -0.0242812
vt 0.0996217 0.736261
v -0.215175 -0.183422 -0.789656
vn -0.976093 -0.0980238 -0.193992
#_#tangent -0.206924 0.145963 0.967407
#_#binormal -0.0665132 0.984422 -0.162757
vt 0.099528 0.731445
v -0.215175 -0.183422 -0.789656
vn -0.976093 -0.0980238 -0.193992
#_#tangent -0.206924 0.145963 0.967407
#_#binormal -0.0665132 0.984422 -0.162757
vt 0.920663 0.76581
v -0.211936 -0.205686 -0.789012
vn -0.962 -0.195094 -0.191032
#_#tangent -0.257313 0.413677 0.873305
#_#binormal -0.091351 0.889275 -0.448158
vt 0.918803 0.761914
v -0.206572 -0.22752 -0.787945
vn -0.938642 -0.29029 -0.186231
#_#tangent -0.292715 0.384958 0.875286
#_#binormal -0.182396 0.876093 -0.446311
vt 0.917209 0.758361
v -0.199135 -0.248712 -0.786466
vn -0.906244 -0.382691 -0.179636
#_#tangent -0.324138 0.356211 0.876383
#_#binormal -0.271396 0.852444 -0.446859
vt 0.915825 0.755097
v -0.189696 -0.269058 -0.784589
vn -0.865119 -0.471404 -0.171311
#_#tangent -0.352073 0.327486 0.876811
#_#binormal -0.35723 0.81886 -0.449283
vt 0.914608 0.752076
v -0.178348 -0.288364 -0.782331
vn -0.81566 -0.555581 -0.161334
#_#tangent -0.376872 0.298686 0.876786
#_#binormal -0.438937 0.775962 -0.453009
vt 0.913522 0.749263
v -0.165197 -0.306442 -0.779715
vn -0.758348 -0.634402 -0.149805
#_#tangent -0.398786 0.269731 0.876478
#_#binormal -0.515633 0.724416 -0.457542
vt 0.912543 0.746624
v -0.150372 -0.323119 -0.776767
vn -0.693734 -0.707114 -0.136833
#_#tangent -0.417947 0.240513 0.876056
#_#binormal -0.586561 0.664939 -0.462388
vt 0.911649 0.744132
v -0.134016 -0.338234 -0.773513
vn -0.622438 -0.773016 -0.122544
#_#tangent -0.434465 0.211025 0.875619
#_#binormal -0.651008 0.59826 -0.467198
vt 0.910825 0.741764
v -0.116285 -0.351642 -0.769986
vn -0.574569 -0.816497 -0.0565908
#_#tangent -0.448439 0.181305 0.875232
#_#binormal -0.708321 0.525144 -0.471704
vt 0.910058 0.7395
v -0.0973505 -0.363213 -0.76622
vn -0.462606 -0.881925 -0.0905718
#_#tangent -0.459935 0.151399 0.874951
#_#binormal -0.757929 0.446415 -0.475666
vt 0.909339 0.737319
v -0.0773947 -0.372837 -0.76225
vn -0.40622 -0.905429 -0.123222
#_#tangent -0.469108 0.121414 0.874755
#_#binormal -0.799282 0.362908 -0.479005
vt 0.90866 0.735204
v -0.05661 -0.380419 -0.758116
vn -0.325551 -0.945058 -0.0296939
#_#tangent -0.476025 0.0913939 0.87467
#_#binormal -0.831971 0.275518 -0.481575
vt 0.908013 0.733135
v -0.0351962 -0.385888 -0.753857
vn -0.180841 -0.980785 -0.0731935
#_#tangent -0.47914 0.0610321 0.875614
#_#binormal -0.856561 0.185299 -0.48163
vt 0.907396 0.731079
v -0.0133602 -0.389191 -0.749513
vn -0.107789 -0.99417 0.00289137
#_#tangent -0.464837 0.0335029 0.884762
#_#binormal -0.878994 0.102491 -0.465687
vt 0.90682 0.72896
v -0.0120808 -0.389191 -0.75373
vn -0.107789 -0.99417 0.00289137
#_#tangent -0.458888 0.0120054 0.888413
#_#binormal -0.88277 0.107157 -0.457422
vt 0.906462 0.729054
v -0.0326502 -0.385888 -0.76225
vn -0.180841 -0.980785 -0.0731935
#_#tangent -0.472627 0.0213975 0.881003
#_#binormal -0.862508 0.193914 -0.467415
vt 0.906647 0.731252
v -0.0528213 -0.380419 -0.770606
vn -0.313502 -0.945059 -0.0926305
#_#tangent -0.474072 0.0323195 0.879893
#_#binormal -0.838461 0.288478 -0.462345
vt 0.906854 0.733394
v -0.0724 -0.372837 -0.778715
vn -0.40622 -0.905429 -0.123222
#_#tangent -0.473258 0.0432385 0.879862
#_#binormal -0.806616 0.380228 -0.452546
vt 0.907075 0.735558
v -0.0911979 -0.363213 -0.786502
vn -0.436048 -0.881925 -0.179081
#_#tangent -0.471459 0.0543689 0.880211
#_#binormal -0.766544 0.468243 -0.439499
vt 0.907311 0.737775
v -0.109034 -0.351642 -0.79389
vn -0.50082 -0.841554 -0.202401
#_#tangent -0.468762 0.06573 0.880875
#_#binormal -0.718534 0.551658 -0.423536
vt 0.907564 0.74007
v -0.125736 -0.338234 -0.800808
vn -0.590026 -0.777852 -0.21637
#_#tangent -0.465171 0.0773412 0.881836
#_#binormal -0.662986 0.629654 -0.404951
vt 0.907837 0.742463
v -0.141144 -0.323119 -0.80719
vn -0.667729 -0.704322 -0.240972
#_#tangent -0.46066 0.0892465 0.883079
#_#binormal -0.600382 0.701444 -0.38408
vt 0.908135 0.744977
v -0.155108 -0.306442 -0.812974
vn -0.71455 -0.634402 -0.294875
#_#tangent -0.455162 0.101494 0.884606
#_#binormal -0.531268 0.766311 -0.361278
vt 0.908463 0.747638
v -0.167496 -0.288364 -0.818105
vn -0.768928 -0.573929 -0.281699
#_#tangent -0.448615 0.114214 0.886397
#_#binormal -0.456217 0.823581 -0.337017
vt 0.908831 0.750475
v -0.178186 -0.269058 -0.822533
vn -0.786891 -0.480528 -0.387163
#_#tangent -0.440915 0.127611 0.888431
#_#binormal -0.37583 0.872636 -0.311862
vt 0.909247 0.753527
v -0.187077 -0.248712 -0.826216
vn -0.853785 -0.38269 -0.352987
#_#tangent -0.431884 0.141987 0.890683
#_#binormal -0.290736 0.912901 -0.286504
vt 0.909727 0.756837
v -0.194082 -0.22752 -0.829118
vn -0.884274 -0.290291 -0.365775
#_#tangent -0.421246 0.157849 0.893104
#_#binormal -0.201523 0.94383 -0.261865
vt 0.910294 0.760461
v -0.199135 -0.205686 -0.831211
vn -0.906246 -0.195095 -0.375041
#_#tangent -0.408528 0.175974 0.895622
#_#binormal -0.108734 0.964868 -0.239178
vt 0.91098 0.764466
v -0.202186 -0.183422 -0.832474
vn -0.91949 -0.0980216 -0.380696
#_#tangent -0.391112 0.130537 0.911039
#_#binormal -0.0396065 0.986586 -0.158365
vt 0.0898258 0.73315
v -0.202186 -0.183422 -0.832474
vn -0.91949 -0.0980216 -0.380696
#_#tangent -0.391112 0.130537 0.911039
#_#binormal -0.0396065 0.986586 -0.158365
vt 0.911838 0.768929
v -0.203206 -0.160942 -0.832897
vn -0.940092 -0.0196493 -0.340355
#_#tangent -0.371515 0.239836 0.896915
#_#binormal 0.0917832 0.970814 -0.221578
vt 0.0909592 0.737551
v -0.202186 -0.138461 -0.832474
vn -0.919371 0.0980179 -0.380984
#_#tangent -0.351259 0.231516 0.907203
#_#binormal 0.177126 0.967881 -0.178419
vt 0.0919246 0.741543
v -0.199135 -0.116197 -0.831211
vn -0.917544 0.221352 -0.330326
#_#tangent -0.331962 0.223027 0.916548
#_#binormal 0.262587 0.95509 -0.1373
vt 0.0927714 0.745185
v -0.194082 -0.0943641 -0.829118
vn -0.883919 0.29029 -0.366632
#_#tangent -0.313622 0.213574 0.925218
#_#binormal 0.346884 0.932801 -0.0977405
vt 0.093528 0.748527
v -0.187077 -0.0731721 -0.826216
vn -0.851135 0.405526 -0.333343
#_#tangent -0.296322 0.202874 0.933293
#_#binormal 0.429005 0.901326 -0.0597153
vt 0.094213 0.751618
v -0.178186 -0.0528254 -0.822533
vn -0.814496 0.471405 -0.338192
#_#tangent -0.280165 0.190862 0.940786
#_#binormal 0.508039 0.861016 -0.0233847
vt 0.0948397 0.754496
v -0.167496 -0.0335199 -0.818105
vn -0.777717 0.556347 -0.292632
#_#tangent -0.265251 0.177569 0.947687
#_#binormal 0.58316 0.812283 0.0110246
vt 0.095418 0.757195
v -0.155108 -0.0154416 -0.812974
vn -0.725898 0.622149 -0.293262
#_#tangent -0.251675 0.163079 0.953973
#_#binormal 0.653598 0.755604 0.0432628
vt 0.0959561 0.759743
v -0.141144 0.00123544 -0.80719
vn -0.65284 0.707114 -0.271643
#_#tangent -0.23952 0.14751 0.95962
#_#binormal 0.71863 0.691543 0.0730673
vt 0.0964603 0.762165
v -0.125736 0.0163507 -0.800808
vn -0.585617 0.773018 -0.243916
#_#tangent -0.228857 0.130993 0.964606
#_#binormal 0.77761 0.620712 0.100199
vt 0.096936 0.764483
v -0.109034 0.0297585 -0.79389
vn -0.512759 0.831475 -0.213839
#_#tangent -0.219738 0.113676 0.968913
#_#binormal 0.829936 0.543808 0.124419
vt 0.0973877 0.766715
v -0.091198 0.0413298 -0.786502
vn -0.434963 0.881925 -0.181703
#_#tangent -0.212206 0.0957103 0.972527
#_#binormal 0.875086 0.461571 0.145519
vt 0.0978193 0.768881
v -0.0724001 0.050953 -0.778715
vn -0.374374 0.905429 -0.200106
#_#tangent -0.206287 0.0772533 0.975437
#_#binormal 0.912608 0.374798 0.163316
vt 0.0982342 0.771001
v -0.0528212 0.0585356 -0.770606
vn -0.28718 0.945058 -0.156181
#_#tangent -0.201966 0.0584674 0.977646
#_#binormal 0.942128 0.284333 0.177625
vt 0.0986351 0.773103
v -0.03265 0.0640045 -0.76225
vn -0.179631 0.980785 -0.0761171
#_#tangent -0.199263 0.039495 0.97915
#_#binormal 0.963341 0.191053 0.18834
vt 0.0990246 0.775242
v -0.0120807 0.0673071 -0.75373
vn -0.105151 0.99417 -0.0238677
#_#tangent -0.199306 0.0235384 0.979654
#_#binormal 0.974977 0.105225 0.195826
vt 0.0994043 0.7776
v -0.0100034 0.0673071 -0.757617
vn -0.0574771 0.99417 -0.0912295
#_#tangent -0.198907 0.0437311 0.979042
#_#binormal 0.976058 0.0985598 0.193899
vt 0.0990387 0.777713
v -0.0285154 0.0640045 -0.769986
vn -0.136829 0.980785 -0.139065
#_#tangent -0.199615 0.0764275 0.976889
#_#binormal 0.966502 0.179499 0.18345
vt 0.0982852 0.775469
v -0.0466688 0.0585356 -0.782116
vn -0.28718 0.945058 -0.156181
#_#tangent -0.20492 0.113635 0.97216
#_#binormal 0.948771 0.267116 0.168767
vt 0.0975146 0.773447
v -0.0642894 0.050953 -0.79389
vn -0.328141 0.905429 -0.269299
#_#tangent -0.213058 0.150266 0.965415
#_#binormal 0.924063 0.35194 0.149153
vt 0.0967237 0.771467
v -0.0812071 0.0413298 -0.805194
vn -0.391156 0.881925 -0.263068
#_#tangent -0.223967 0.186031 0.956677
#_#binormal 0.892657 0.433129 0.124755
vt 0.0959077 0.769475
v -0.0972589 0.0297586 -0.815919
vn -0.474931 0.809024 -0.346295
#_#tangent -0.237643 0.220607 0.945969
#_#binormal 0.854885 0.509885 0.0958525
vt 0.0950613 0.767443
v -0.11229 0.0163507 -0.825963
vn -0.52678 0.773017 -0.353479
#_#tangent -0.254022 0.253682 0.933337
#_#binormal 0.811157 0.581455 0.062729
vt 0.0941782 0.765354
v -0.126157 0.00123545 -0.835228
vn -0.587299 0.707116 -0.393787
#_#tangent -0.273014 0.284942 0.918842
#_#binormal 0.761934 0.647144 0.0257059
vt 0.0932516 0.763189
v -0.138725 -0.0154416 -0.843626
vn -0.640019 0.646573 -0.415113
#_#tangent -0.29451 0.314078 0.902562
#_#binormal 0.707736 0.706321 -0.0148515
vt 0.0922732 0.760931
v -0.149873 -0.0335199 -0.851075
vn -0.661414 0.573937 -0.482833
#_#tangent -0.31838 0.34078 0.884592
#_#binormal 0.649132 0.75842 -0.0585404
vt 0.0912336 0.758561
v -0.159494 -0.0528254 -0.857503
vn -0.759085 0.480532 -0.439179
#_#tangent -0.344479 0.36472 0.865051
#_#binormal 0.586719 0.802967 -0.104902
vt 0.0901219 0.756057
v -0.167496 -0.0731721 -0.86285
vn -0.767834 0.382694 -0.513786
#_#tangent -0.372657 0.385538 0.84409
#_#binormal 0.521112 0.839586 -0.153416
vt 0.0889253 0.753393
v -0.1738 -0.0943641 -0.867063
vn -0.795408 0.290289 -0.532032
#_#tangent -0.40276 0.402793 0.821914
#_#binormal 0.452891 0.868038 -0.203468
vt 0.0876288 0.750541
v -0.178348 -0.116197 -0.870101
vn -0.815319 0.195094 -0.545155
#_#tangent -0.434636 0.41585 0.79885
#_#binormal 0.382554 0.888261 -0.254255
vt 0.0862162 0.747466
v -0.181094 -0.138461 -0.871936
vn -0.827378 0.09802 -0.553026
#_#tangent -0.468127 0.423696 0.77546
#_#binormal 0.310326 0.900485 -0.304671
vt 0.0846709 0.744128
v -0.182012 -0.160942 -0.872549
vn -0.831471 -1.0661e-006 -0.555569
#_#tangent -0.507152 0.408299 0.759005
#_#binormal 0.226837 0.912848 -0.339489
vt 0.0829813 0.740483
v -0.181094 -0.183422 -0.871936
vn -0.831618 -0.0630929 -0.551753
#_#tangent -0.56005 0.0761896 0.824948
#_#binormal -0.0387455 0.992264 -0.117946
vt 0.0811534 0.73649
v -0.181094 -0.183422 -0.871936
vn -0.831618 -0.0630929 -0.551753
#_#tangent -0.56005 0.0761896 0.824948
#_#binormal -0.0387455 0.992264 -0.117946
vt 0.90191 0.769723
v -0.178348 -0.205686 -0.870101
vn -0.815665 -0.195095 -0.544636
#_#tangent -0.536683 -0.0963419 0.838266
#_#binormal -0.216013 0.976041 -0.0261216
vt 0.902428 0.764922
v -0.1738 -0.22752 -0.867062
vn -0.795923 -0.29029 -0.531261
#_#tangent -0.528762 -0.0940075 0.843548
#_#binormal -0.294816 0.95231 -0.0786718
vt 0.902875 0.76074
v -0.167496 -0.248712 -0.86285
vn -0.768515 -0.382693 -0.512769
#_#tangent -0.521156 -0.0905263 0.848647
#_#binormal -0.37119 0.91943 -0.129872
vt 0.903268 0.757015
v -0.159494 -0.269058 -0.857503
vn -0.696239 -0.480528 -0.53324
#_#tangent -0.513911 -0.0861178 0.85351
#_#binormal -0.444489 0.877702 -0.179075
vt 0.90362 0.753645
v -0.149873 -0.288364 -0.851075
vn -0.691831 -0.555579 -0.461197
#_#tangent -0.507055 -0.0809242 0.858106
#_#binormal -0.514068 0.827516 -0.225723
vt 0.903939 0.750556
v -0.138725 -0.306442 -0.843626
vn -0.643294 -0.634402 -0.428611
#_#tangent -0.500601 -0.0750457 0.862419
#_#binormal -0.579286 0.769352 -0.269306
vt 0.904232 0.747693
v -0.126157 -0.323119 -0.835228
vn -0.588562 -0.707114 -0.391899
#_#tangent -0.494571 -0.0685427 0.86643
#_#binormal -0.639527 0.70377 -0.309376
vt 0.904504 0.745016
v -0.112291 -0.338234 -0.825963
vn -0.517737 -0.783047 -0.344654
#_#tangent -0.488971 -0.0614721 0.870131
#_#binormal -0.694229 0.631399 -0.345516
vt 0.904759 0.74249
v -0.097259 -0.351642 -0.815919
vn -0.462673 -0.831475 -0.307542
#_#tangent -0.483805 -0.0538783 0.873516
#_#binormal -0.742877 0.552943 -0.377344
vt 0.905001 0.740089
v -0.081207 -0.363213 -0.805194
vn -0.392732 -0.881926 -0.260708
#_#tangent -0.479038 -0.0458112 0.876598
#_#binormal -0.785038 0.469157 -0.404485
vt 0.905232 0.737788
v -0.0642893 -0.372837 -0.79389
vn -0.374373 -0.905429 -0.200109
#_#tangent -0.474532 -0.0373474 0.879446
#_#binormal -0.820397 0.380852 -0.426497
vt 0.905454 0.735567
v -0.0466689 -0.380419 -0.782116
vn -0.25419 -0.945058 -0.205553
#_#tangent -0.469976 -0.0285374 0.882218
#_#binormal -0.848796 0.288876 -0.442827
vt 0.905671 0.733402
v -0.0285152 -0.385888 -0.769986
vn -0.139063 -0.980785 -0.13683
#_#tangent -0.464416 -0.0194318 0.885404
#_#binormal -0.870471 0.194122 -0.452323
vt 0.905884 0.731259
v -0.0100035 -0.389191 -0.757617
vn -0.0912309 -0.99417 -0.0574757
#_#tangent -0.452022 -0.0100858 0.89195
#_#binormal -0.887329 0.107354 -0.448467
vt 0.906099 0.729061
v -0.00720752 -0.389191 -0.761024
vn -0.0912309 -0.99417 -0.0574757
#_#tangent -0.444579 -0.031791 0.895176
#_#binormal -0.892314 0.103033 -0.439499
vt 0.905745 0.728982
v -0.0229508 -0.385888 -0.776767
vn -0.139063 -0.980785 -0.13683
#_#tangent -0.454947 -0.0594542 0.888532
#_#binormal -0.879594 0.185812 -0.437937
vt 0.905138 0.731098
v -0.0383891 -0.380419 -0.792205
vn -0.25419 -0.945058 -0.205553
#_#tangent -0.463484 -0.0881739 0.881707
#_#binormal -0.861744 0.276567 -0.425332
vt 0.904513 0.733156
v -0.053374 -0.372837 -0.80719
vn -0.328143 -0.905429 -0.269297
#_#tangent -0.471714 -0.116305 0.874047
#_#binormal -0.838865 0.364577 -0.404215
vt 0.903869 0.735231
v -0.0677613 -0.363213 -0.821577
vn -0.361302 -0.864915 -0.348401
#_#tangent -0.480289 -0.143952 0.865217
#_#binormal -0.810895 0.448872 -0.375452
vt 0.903199 0.737355
v -0.0814123 -0.351642 -0.835228
vn -0.393785 -0.831476 -0.391894
#_#tangent -0.489744 -0.171008 0.854931
#_#binormal -0.777872 0.528587 -0.33987
vt 0.902497 0.739551
v -0.0941958 -0.338234 -0.848011
vn -0.449454 -0.773019 -0.447697
#_#tangent -0.500326 -0.197351 0.843046
#_#binormal -0.740044 0.602905 -0.298061
vt 0.901755 0.741838
v -0.105988 -0.323119 -0.859804
vn -0.500796 -0.707114 -0.499192
#_#tangent -0.51209 -0.222917 0.829501
#_#binormal -0.69783 0.671042 -0.250469
vt 0.900964 0.744237
v -0.116676 -0.306442 -0.870492
vn -0.518579 -0.622145 -0.586525
#_#tangent -0.525021 -0.247682 0.814252
#_#binormal -0.651767 0.732249 -0.197514
vt 0.900111 0.74677
v -0.126157 -0.288364 -0.879973
vn -0.588563 -0.555579 -0.587304
#_#tangent -0.539077 -0.271679 0.797237
#_#binormal -0.602486 0.785826 -0.1396
vt 0.899182 0.749466
v -0.134339 -0.269058 -0.888155
vn -0.624143 -0.471405 -0.623076
#_#tangent -0.554184 -0.295039 0.778352
#_#binormal -0.55075 0.831102 -0.0770987
vt 0.898157 0.752357
v -0.141144 -0.248712 -0.89496
vn -0.653712 -0.382692 -0.652846
#_#tangent -0.570281 -0.317955 0.757419
#_#binormal -0.497434 0.86744 -0.010391
vt 0.89701 0.755482
v -0.146506 -0.22752 -0.900321
vn -0.676986 -0.290289 -0.67633
#_#tangent -0.587331 -0.340711 0.734138
#_#binormal -0.443545 0.894231 0.0601602
vt 0.895705 0.758892
v -0.150373 -0.205686 -0.904188
vn -0.693739 -0.195095 -0.693299
#_#tangent -0.605322 -0.363672 0.708045
#_#binormal -0.39027 0.910868 0.134198
vt 0.89419 0.762643
v -0.152708 -0.183422 -0.906524
vn -0.703812 -0.0980192 -0.703592
#_#tangent -0.680504 -0.191214 0.707355
#_#binormal -0.203871 0.976642 0.067876
vt 0.0733717 0.740891
v -0.152708 -0.183422 -0.906524
vn -0.703812 -0.0980192 -0.703592
#_#tangent -0.680504 -0.191214 0.707355
#_#binormal -0.203871 0.976642 0.067876
vt 0.892392 0.766802
v -0.153489 -0.160942 -0.907305
vn -0.711287 0.0143824 -0.702754
#_#tangent -0.643552 0.414347 0.643551
#_#binormal 0.292987 0.910119 -0.292988
vt 0.0755658 0.744815
v -0.153489 -0.160942 -0.907305
vn -0.711287 0.0143824 -0.702754
#_#tangent -0.643552 0.414347 0.643551
#_#binormal 0.292987 0.910119 -0.292988
vt 0.889904 0.770785
v -0.152708 -0.138461 -0.906524
vn -0.703808 0.096476 -0.703808
#_#tangent -0.516012 0.61048 0.600871
#_#binormal 0.488563 0.785943 -0.378947
vt 0.0780586 0.748064
v -0.150373 -0.116197 -0.904188
vn -0.693299 0.195091 -0.69374
#_#tangent -0.478178 0.59567 0.645386
#_#binormal 0.53915 0.779177 -0.31969
vt 0.0802864 0.751002
v -0.146506 -0.094364 -0.900321
vn -0.676329 0.29029 -0.676986
#_#tangent -0.441529 0.575891 0.688041
#_#binormal 0.589602 0.764252 -0.26132
vt 0.0823038 0.753698
v -0.141144 -0.0731721 -0.89496
vn -0.696222 0.369254 -0.61557
#_#tangent -0.40646 0.551256 0.728634
#_#binormal 0.639205 0.741393 -0.204336
vt 0.0841498 0.756199
v -0.134339 -0.0528254 -0.888155
vn -0.658819 0.480531 -0.578833
#_#tangent -0.373304 0.521995 0.76692
#_#binormal 0.687329 0.710844 -0.149265
vt 0.0858541 0.758539
v -0.126157 -0.0335199 -0.879973
vn -0.60653 0.556347 -0.567978
#_#tangent -0.342354 0.488404 0.802655
#_#binormal 0.733393 0.672901 -0.0966379
vt 0.08744 0.760744
v -0.116676 -0.0154416 -0.870492
vn -0.545875 0.634404 -0.547314
#_#tangent -0.313875 0.450822 0.835609
#_#binormal 0.776854 0.627926 -0.0469685
vt 0.0889264 0.762837
v -0.105988 0.00123546 -0.859804
vn -0.49919 0.707116 -0.500796
#_#tangent -0.288105 0.409625 0.865565
#_#binormal 0.817194 0.576363 -0.000757417
vt 0.090329 0.764837
v -0.0941957 0.0163507 -0.848011
vn -0.447701 0.773016 -0.449456
#_#tangent -0.265241 0.365216 0.892337
#_#binormal 0.853939 0.518714 0.0415282
vt 0.0916608 0.766761
v -0.0814124 0.0297586 -0.835228
vn -0.391896 0.831474 -0.393786
#_#tangent -0.245459 0.318013 0.915761
#_#binormal 0.886661 0.455541 0.0794644
vt 0.0929332 0.768623
v -0.0677615 0.0413298 -0.821577
vn -0.314354 0.882569 -0.349648
#_#tangent -0.228894 0.26846 0.935701
#_#binormal 0.914971 0.387475 0.112654
vt 0.0941558 0.770439
v -0.0533741 0.050953 -0.80719
vn -0.328141 0.905429 -0.269299
#_#tangent -0.21566 0.217008 0.95205
#_#binormal 0.938531 0.315197 0.140752
vt 0.095337 0.772225
v -0.038389 0.0585356 -0.792205
vn -0.205554 0.945058 -0.25419
#_#tangent -0.205779 0.164126 0.964737
#_#binormal 0.957064 0.23943 0.163409
vt 0.0964842 0.774008
v -0.0229507 0.0640045 -0.776766
vn -0.136829 0.980785 -0.139065
#_#tangent -0.199373 0.110246 0.973702
#_#binormal 0.970324 0.160956 0.180457
vt 0.0976042 0.775838
v -0.00720769 0.0673071 -0.761023
vn -0.0574771 0.99417 -0.0912295
#_#tangent -0.198536 0.0621863 0.978119
#_#binormal 0.977283 0.0880871 0.192766
vt 0.0987013 0.777896
v 0.00868839 0.0684115 -0.745127
vn 1.89478e-014 1 -4.358e-013
#_#tangent -0.201296 -1.74672e-007 0.979531
#_#binormal 0.979531 2.04351e-007 0.201296
vt 0.0997703 0.781525
v -0.00380116 0.0673071 -0.763819
vn -0.0574771 0.99417 -0.0912295
#_#tangent -0.198153 0.0782021 0.977046
#_#binormal 0.978484 0.0742352 0.192503
vt 0.0984054 0.778143
v -0.0161703 0.0640045 -0.782331
vn -0.073194 0.980785 -0.180841
#_#tangent -0.198406 0.139654 0.97012
#_#binormal 0.974254 0.136227 0.179641
vt 0.0970082 0.776336
v -0.0283001 0.0585356 -0.800485
vn -0.152013 0.945058 -0.289408
#_#tangent -0.204186 0.207986 0.956582
#_#binormal 0.96577 0.202498 0.162119
vt 0.0955844 0.774762
v -0.0400737 0.050953 -0.818105
vn -0.211365 0.923882 -0.319009
#_#tangent -0.213418 0.274883 0.937492
#_#binormal 0.953823 0.266235 0.139072
vt 0.0941287 0.773243
v -0.0513778 0.0413298 -0.835023
vn -0.260707 0.881926 -0.392732
#_#tangent -0.225914 0.339774 0.912971
#_#binormal 0.938613 0.326741 0.110658
vt 0.0926331 0.771729
v -0.0621033 0.0297586 -0.851075
vn -0.272162 0.816495 -0.509179
#_#tangent -0.24163 0.40206 0.883155
#_#binormal 0.920344 0.383404 0.0772583
vt 0.0910888 0.770199
v -0.0721471 0.0163507 -0.866106
vn -0.351413 0.773016 -0.528162
#_#tangent -0.260419 0.461169 0.848236
#_#binormal 0.899273 0.435624 0.0392471
vt 0.0894855 0.768636
v -0.0814124 0.00123546 -0.879973
vn -0.391899 0.707114 -0.588561
#_#tangent -0.282113 0.516552 0.808447
#_#binormal 0.875687 0.482871 -0.00295031
vt 0.0878116 0.767028
v -0.0898099 -0.0154415 -0.892541
vn -0.428609 0.634405 -0.643292
#_#tangent -0.306492 0.567694 0.764059
#_#binormal 0.849916 0.524646 -0.048879
vt 0.0860538 0.765364
v -0.0972591 -0.0335199 -0.903689
vn -0.426293 0.573939 -0.699191
#_#tangent -0.333308 0.614127 0.71537
#_#binormal 0.822317 0.560518 -0.0980541
vt 0.0841963 0.76363
v -0.103688 -0.0528254 -0.91331
vn -0.533237 0.480531 -0.696238
#_#tangent -0.36226 0.655423 0.662713
#_#binormal 0.793294 0.590084 -0.149954
vt 0.0822205 0.761813
v -0.109034 -0.0731721 -0.921311
vn -0.512769 0.382691 -0.768515
#_#tangent -0.392999 0.691232 0.606424
#_#binormal 0.763295 0.612981 -0.204045
vt 0.0801039 0.759896
v -0.113247 -0.094364 -0.927616
vn -0.53126 0.290291 -0.795923
#_#tangent -0.425122 0.721285 0.546827
#_#binormal 0.732826 0.628872 -0.25978
vt 0.0778189 0.757861
v -0.116285 -0.116197 -0.932163
vn -0.544635 0.195093 -0.815666
#_#tangent -0.458146 0.745418 0.484204
#_#binormal 0.702477 0.637409 -0.3166
vt 0.0753312 0.755688
v -0.11812 -0.138461 -0.934909
vn -0.552765 0.0980184 -0.827552
#_#tangent -0.491478 0.763619 0.41873
#_#binormal 0.672978 0.638183 -0.373928
vt 0.0725969 0.753351
v -0.118733 -0.160942 -0.935828
vn -0.55557 3.52292e-007 -0.83147
#_#tangent -0.797248 0.283943 0.532703
#_#binormal 0.23609 0.958841 -0.15775
vt 0.0695594 0.750825
v -0.118733 -0.160942 -0.935828
vn -0.55557 3.52292e-007 -0.83147
#_#tangent -0.797248 0.283943 0.532703
#_#binormal 0.23609 0.958841 -0.15775
vt 0.881187 0.764702
v -0.11812 -0.183422 -0.934909
vn -0.553024 -0.0980189 -0.827379
#_#tangent -0.694481 -0.494382 0.522764
#_#binormal -0.460282 0.8637 0.205333
vt 0.0665653 0.747804
v -0.11812 -0.183422 -0.934909
vn -0.553024 -0.0980189 -0.827379
#_#tangent -0.694481 -0.494382 0.522764
#_#binormal -0.460282 0.8637 0.205333
vt 0.884499 0.761819
v -0.116285 -0.205686 -0.932163
vn -0.545154 -0.195094 -0.815319
#_#tangent -0.599613 -0.58895 0.541851
#_#binormal -0.585894 0.784268 0.204087
vt 0.887167 0.758484
v -0.113247 -0.22752 -0.927616
vn -0.532032 -0.290291 -0.795407
#_#tangent -0.585211 -0.552846 0.593202
#_#binormal -0.611939 0.781084 0.12425
vt 0.889458 0.755396
v -0.109034 -0.248712 -0.921311
vn -0.513787 -0.38269 -0.767836
#_#tangent -0.569662 -0.517036 0.638873
#_#binormal -0.641489 0.765651 0.0476418
vt 0.891466 0.752525
v -0.103687 -0.269058 -0.91331
vn -0.439178 -0.480527 -0.759089
#_#tangent -0.553787 -0.48068 0.679902
#_#binormal -0.672784 0.739408 -0.0252392
vt 0.893255 0.749844
v -0.097259 -0.288364 -0.903689
vn -0.482834 -0.573932 -0.661417
#_#tangent -0.53815 -0.443255 0.716882
#_#binormal -0.704504 0.703461 -0.0939015
vt 0.89487 0.747328
v -0.0898099 -0.306442 -0.892541
vn -0.430303 -0.634402 -0.642163
#_#tangent -0.523157 -0.40447 0.75014
#_#binormal -0.735626 0.65874 -0.157848
vt 0.896346 0.744954
v -0.0814122 -0.323119 -0.879973
vn -0.393786 -0.707114 -0.587301
#_#tangent -0.509112 -0.364193 0.779851
#_#binormal -0.765335 0.606097 -0.216587
vt 0.897709 0.742701
v -0.0721471 -0.338234 -0.866106
vn -0.353477 -0.773017 -0.526782
#_#tangent -0.496209 -0.322433 0.80611
#_#binormal -0.792988 0.546335 -0.269606
vt 0.89898 0.740553
v -0.0621032 -0.351642 -0.851075
vn -0.309764 -0.831476 -0.461187
#_#tangent -0.48452 -0.279304 0.828993
#_#binormal -0.8181 0.480246 -0.316349
vt 0.900175 0.738491
v -0.0513777 -0.363213 -0.835023
vn -0.263069 -0.881925 -0.391156
#_#tangent -0.474018 -0.234974 0.848584
#_#binormal -0.840299 0.408651 -0.356234
vt 0.901308 0.736501
v -0.0400738 -0.372837 -0.818105
vn -0.21384 -0.923881 -0.317358
#_#tangent -0.46438 -0.189676 0.865086
#_#binormal -0.859432 0.332365 -0.388472
vt 0.90239 0.734566
v -0.0283002 -0.380419 -0.800485
vn -0.209204 -0.945059 -0.251193
#_#tangent -0.454848 -0.143626 0.878911
#_#binormal -0.875608 0.25226 -0.411916
vt 0.903432 0.732669
v -0.0161702 -0.385888 -0.782331
vn -0.0761151 -0.980785 -0.179631
#_#tangent -0.444989 -0.0966725 0.890303
#_#binormal -0.888792 0.169455 -0.425833
vt 0.90444 0.730778
v -0.00380101 -0.389191 -0.763819
vn -0.0238635 -0.99417 -0.105153
#_#tangent -0.436985 -0.0521177 0.897957
#_#binormal -0.897309 0.094395 -0.431191
vt 0.905414 0.72882
v 8.56897e-005 -0.389191 -0.765897
vn -0.0238635 -0.99417 -0.105153
#_#tangent -0.429665 -0.0701882 0.900257
#_#binormal -0.90192 0.0818533 -0.424077
vt 0.90512 0.728581
v -0.00843444 -0.385888 -0.786466
vn -0.0761151 -0.980785 -0.179631
#_#tangent -0.435372 -0.129382 0.890905
#_#binormal -0.897027 0.146018 -0.417158
vt 0.903819 0.730311
v -0.0167896 -0.380419 -0.806637
vn -0.112508 -0.956941 -0.267593
#_#tangent -0.444756 -0.192322 0.87476
#_#binormal -0.888557 0.217431 -0.403967
vt 0.902471 0.731962
v -0.0248994 -0.372837 -0.826216
vn -0.147817 -0.923881 -0.352978
#_#tangent -0.452986 -0.254019 0.854563
#_#binormal -0.879178 0.286213 -0.380957
vt 0.901082 0.733607
v -0.0326859 -0.363213 -0.845014
vn -0.181703 -0.881926 -0.434961
#_#tangent -0.460463 -0.314526 0.830088
#_#binormal -0.868883 0.351113 -0.348944
vt 0.899642 0.735272
v -0.0400738 -0.351642 -0.86285
vn -0.213839 -0.831476 -0.512758
#_#tangent -0.468195 -0.373449 0.80083
#_#binormal -0.85736 0.41132 -0.309435
vt 0.89814 0.736972
v -0.046992 -0.338234 -0.879552
vn -0.243916 -0.773017 -0.585619
#_#tangent -0.476591 -0.430362 0.766583
#_#binormal -0.84461 0.466082 -0.263441
vt 0.896563 0.73872
v -0.053374 -0.323119 -0.89496
vn -0.271643 -0.707114 -0.652839
#_#tangent -0.485716 -0.484885 0.727301
#_#binormal -0.830837 0.514661 -0.211741
vt 0.894897 0.740526
v -0.0591583 -0.306442 -0.908924
vn -0.319553 -0.646032 -0.693201
#_#tangent -0.495472 -0.536679 0.682996
#_#binormal -0.81636 0.556337 -0.155066
vt 0.893124 0.7424
v -0.0642893 -0.288364 -0.921311
vn -0.319009 -0.555579 -0.767832
#_#tangent -0.505627 -0.585466 0.633696
#_#binormal -0.801607 0.590391 -0.0941463
vt 0.891223 0.744353
v -0.0687174 -0.269058 -0.932002
vn -0.338191 -0.471404 -0.814497
#_#tangent -0.515801 -0.631061 0.579406
#_#binormal -0.787132 0.616068 -0.0297311
vt 0.88917 0.746395
v -0.0724 -0.248712 -0.940893
vn -0.348111 -0.369251 -0.861668
#_#tangent -0.525471 -0.673368 0.520054
#_#binormal -0.773616 0.632553 0.0373581
vt 0.886936 0.748534
v -0.0753018 -0.22752 -0.947898
vn -0.366633 -0.290291 -0.883918
#_#tangent -0.533893 -0.712426 0.45542
#_#binormal -0.761931 0.63889 0.106214
vt 0.884488 0.750777
v -0.0773947 -0.205686 -0.952951
vn -0.419165 -0.161944 -0.89335
#_#tangent -0.539966 -0.748458 0.385029
#_#binormal -0.753225 0.633837 0.17579
vt 0.881786 0.753125
v -0.0786586 -0.183422 -0.956002
vn -0.380986 -0.0980204 -0.91937
#_#tangent -0.53807 -0.785128 0.306683
#_#binormal -0.751884 0.611528 0.24638
vt 0.878788 0.755565
v -0.0790813 -0.160942 -0.957022
vn -0.373973 0.0181013 -0.927263
#_#tangent -0.923462 -0.0300691 0.382511
#_#binormal -0.0277801 0.999548 0.0115072
vt 0.0650794 0.757676
v -0.0790813 -0.160942 -0.957022
vn -0.373973 0.0181013 -0.927263
#_#tangent -0.923462 -0.0300691 0.382511
#_#binormal -0.0277801 0.999548 0.0115072
vt 0.875462 0.75806
v -0.0786586 -0.138461 -0.956002
vn -0.380696 0.0980195 -0.919491
#_#tangent -0.404382 0.876596 0.260873
#_#binormal 0.831592 0.471139 -0.294079
vt 0.0684576 0.759481
v -0.0773947 -0.116197 -0.952951
vn -0.375041 0.195095 -0.906246
#_#tangent -0.381623 0.858428 0.342732
#_#binormal 0.844812 0.474383 -0.247493
vt 0.0715268 0.761173
v -0.0753019 -0.094364 -0.947898
vn -0.365775 0.290291 -0.884274
#_#tangent -0.358656 0.832768 0.421739
#_#binormal 0.858822 0.471411 -0.200491
vt 0.0743395 0.762766
v -0.0724001 -0.0731721 -0.940893
vn -0.352986 0.382691 -0.853785
#_#tangent -0.335973 0.799819 0.497405
#_#binormal 0.873226 0.462425 -0.153751
vt 0.076938 0.764272
v -0.0687175 -0.0528254 -0.932002
vn -0.387163 0.480532 -0.786889
#_#tangent -0.314004 0.759861 0.569221
#_#binormal 0.887676 0.447649 -0.107897
vt 0.0793566 0.765704
v -0.0642894 -0.0335199 -0.921311
vn -0.317364 0.55558 -0.768512
#_#tangent -0.293131 0.713244 0.636676
#_#binormal 0.901862 0.427333 -0.0634996
vt 0.0816238 0.767073
v -0.0591584 -0.0154416 -0.908924
vn -0.294875 0.634403 -0.71455
#_#tangent -0.273684 0.660397 0.699266
#_#binormal 0.915503 0.401757 -0.0211087
vt 0.0837632 0.768388
v -0.0533741 0.00123547 -0.89496
vn -0.269546 0.707115 -0.653708
#_#tangent -0.255947 0.601812 0.756514
#_#binormal 0.928351 0.37123 0.0187676
vt 0.0857945 0.769658
v -0.0469921 0.0163507 -0.879552
vn -0.21637 0.777851 -0.590026
#_#tangent -0.240166 0.538036 0.807983
#_#binormal 0.94018 0.336101 0.0556506
vt 0.0877347 0.770893
v -0.0400739 0.0297586 -0.86285
vn -0.211369 0.831475 -0.513783
#_#tangent -0.22655 0.469666 0.853281
#_#binormal 0.950788 0.296754 0.0890976
vt 0.0895984 0.772101
v -0.0326858 0.0413298 -0.845014
vn -0.179079 0.881926 -0.436047
#_#tangent -0.215268 0.397347 0.892062
#_#binormal 0.959995 0.253617 0.118694
vt 0.0913982 0.773292
v -0.0248995 0.050953 -0.826216
vn -0.145069 0.923882 -0.354115
#_#tangent -0.206467 0.321755 0.924037
#_#binormal 0.96764 0.207163 0.144074
vt 0.0931453 0.774477
v -0.0167897 0.0585356 -0.806637
vn -0.092633 0.945058 -0.313503
#_#tangent -0.200216 0.243594 0.948986
#_#binormal 0.973596 0.157878 0.164883
vt 0.0948497 0.775678
v -0.00843458 0.0640045 -0.786466
vn -0.073194 0.980785 -0.180841
#_#tangent -0.196754 0.163563 0.966713
#_#binormal 0.977717 0.106339 0.181001
vt 0.0965201 0.776942
v 8.55287e-005 0.0673071 -0.765897
vn -0.0574771 0.99417 -0.0912295
#_#tangent -0.197724 0.0911792 0.976008
#_#binormal 0.979499 0.057557 0.193054
vt 0.0981624 0.778445
v 0.00430267 0.0673071 -0.767176
vn -0.0574771 0.99417 -0.0912295
#_#tangent -0.197197 0.100643 0.975184
#_#binormal 0.980195 0.0386979 0.194217
vt 0.0979815 0.778789
v -4.08206e-005 0.0640045 -0.789012
vn -0.073194 0.980785 -0.180841
#_#tangent -0.194513 0.181131 0.964031
#_#binormal 0.98022 0.0724731 0.184163
vt 0.0961585 0.777632
v -0.00430018 0.0585356 -0.810426
vn -0.092633 0.945058 -0.313503
#_#tangent -0.194343 0.269694 0.943131
#_#binormal 0.979384 0.107371 0.17111
vt 0.0943077 0.776719
v -0.00843458 0.050953 -0.83121
vn -0.0416049 0.905429 -0.422453
#_#tangent -0.195736 0.35599 0.913761
#_#binormal 0.977921 0.140405 0.154779
vt 0.0924232 0.775877
v -0.012404 0.0413298 -0.851166
vn -0.0905713 0.881926 -0.462605
#_#tangent -0.198453 0.439215 0.876189
#_#binormal 0.975917 0.171163 0.13524
vt 0.0904957 0.77506
v -0.0161703 0.0297586 -0.870101
vn -0.107072 0.831476 -0.545146
#_#tangent -0.202435 0.518581 0.830719
