v 0.0284138 -1.41037 0.0645552
vn 0.0733057 -0.997279 -0.00778885
#_#tangent 0.461454 0.040841 -0.886224
#_#binormal 0.88413 0.061371 0.463192
vt 0.155273 0.907214
v 0.0284138 -1.41037 0.0645552
vn 0.0733057 -0.997279 -0.00778885
#_#tangent 0.461454 0.040841 -0.886224
#_#binormal 0.88413 0.061371 0.463192
vt 0.90918 0.910144
v 0.0284138 -1.41037 0.0645552
vn 0.0733057 -0.997279 -0.00778885
#_#tangent 0.461454 0.040841 -0.886224
#_#binormal 0.88413 0.061371 0.463192
vt 0.796875 0.912097
v 0.0284138 -1.41037 0.0645552
vn 0.0733057 -0.997279 -0.00778885
#_#tangent 0.461454 0.040841 -0.886224
#_#binormal 0.88413 0.061371 0.463192
vt 0.153114 0.926758
v 0.0284138 -1.41037 0.0645552
vn 0.0733057 -0.997279 -0.00778885
#_#tangent 0.461454 0.040841 -0.886224
#_#binormal 0.88413 0.061371 0.463192
vt 0.265625 0.921862
v 0.950637 -0.564965 0.868234
vn 0.725424 -0.399493 0.560505
#_#tangent -0.576946 -0.797006 0.178646
#_#binormal 0.375358 -0.452975 -0.808653
vt 0.820906 0.30738
v 0.950637 -0.564965 0.868234
vn 0.725424 -0.399493 0.560505
#_#tangent -0.576946 -0.797006 0.178646
#_#binormal 0.375358 -0.452975 -0.808653
vt 0.524635 0.946863
v 0.950637 -0.564965 0.868234
vn 0.725424 -0.399493 0.560505
#_#tangent -0.576946 -0.797006 0.178646
#_#binormal 0.375358 -0.452975 -0.808653
vt 0.508789 0.0426379
v 0.950637 -0.564965 0.868234
vn 0.725424 -0.399493 0.560505
#_#tangent -0.576946 -0.797006 0.178646
#_#binormal 0.375358 -0.452975 -0.808653
vt 0.654297 0.789051
v 0.950637 -0.564965 0.868234
vn 0.725424 -0.399493 0.560505
#_#tangent -0.576946 -0.797006 0.178646
#_#binormal 0.375358 -0.452975 -0.808653
vt 0.0464881 0.956561
v -0.482204 -0.673274 1.25075
vn -0.28776 -0.476082 0.830988
#_#tangent -0.836024 0.548144 0.0245337
#_#binormal -0.467181 -0.687666 -0.555749
vt 0.844169 0.856828
v -0.482204 -0.673274 1.25075
vn -0.28776 -0.476082 0.830988
#_#tangent -0.836024 0.548144 0.0245337
#_#binormal -0.467181 -0.687666 -0.555749
vt 0.204102 0.297985
v -0.482204 -0.673274 1.25075
vn -0.28776 -0.476082 0.830988
#_#tangent -0.836024 0.548144 0.0245337
#_#binormal -0.467181 -0.687666 -0.555749
vt 0.581055 0.76952
v -0.482204 -0.673274 1.25075
vn -0.28776 -0.476082 0.830988
#_#tangent -0.836024 0.548144 0.0245337
#_#binormal -0.467181 -0.687666 -0.555749
vt 0.44043 0.826852
v -0.482204 -0.673274 1.25075
vn -0.28776 -0.476082 0.830988
#_#tangent -0.836024 0.548144 0.0245337
#_#binormal -0.467181 -0.687666 -0.555749
vt 0.121094 0.790027
v -1.2886 -0.722799 0.00239372
vn -0.857964 -0.511098 -0.0517435
#_#tangent -0.32952 0.624816 -0.707829
#_#binormal 0.3941 -0.590241 -0.704487
vt 0.935547 0.85155
v -1.2886 -0.722799 0.00239372
vn -0.857964 -0.511098 -0.0517435
#_#tangent -0.32952 0.624816 -0.707829
#_#binormal 0.3941 -0.590241 -0.704487
vt 0.364258 0.850969
v -1.2886 -0.722799 0.00239372
vn -0.857964 -0.511098 -0.0517435
#_#tangent -0.32952 0.624816 -0.707829
#_#binormal 0.3941 -0.590241 -0.704487
vt 0.65332 0.884468
v -1.2886 -0.722799 0.00239372
vn -0.857964 -0.511098 -0.0517435
#_#tangent -0.32952 0.624816 -0.707829
#_#binormal 0.3941 -0.590241 -0.704487
vt 0.480888 0.879288
v -1.2886 -0.722799 0.00239372
vn -0.857964 -0.511098 -0.0517435
#_#tangent -0.32952 0.624816 -0.707829
#_#binormal 0.3941 -0.590241 -0.704487
vt 0.0322266 0.896472
v -0.354103 -0.645095 -1.15164
vn -0.197177 -0.456155 -0.867781
#_#tangent 0.803984 0.431288 -0.409391
#_#binormal 0.561009 -0.778404 0.281702
vt 0.804688 0.813465
v -0.354103 -0.645095 -1.15164
vn -0.197177 -0.456155 -0.867781
#_#tangent 0.803984 0.431288 -0.409391
#_#binormal 0.561009 -0.778404 0.281702
vt 0.79406 0.959169
v -0.354103 -0.645095 -1.15164
vn -0.197177 -0.456155 -0.867781
#_#tangent 0.803984 0.431288 -0.409391
#_#binormal 0.561009 -0.778404 0.281702
vt 0.379969 0.968009
v -0.354103 -0.645095 -1.15164
vn -0.197177 -0.456155 -0.867781
#_#tangent 0.803984 0.431288 -0.409391
#_#binormal 0.561009 -0.778404 0.281702
vt 0.288086 0.851265
v -0.354103 -0.645095 -1.15164
vn -0.197177 -0.456155 -0.867781
#_#tangent 0.803984 0.431288 -0.409391
#_#binormal 0.561009 -0.778404 0.281702
vt 0.133232 0.819719
v 1.02981 -0.547549 -0.616515
vn 0.781407 -0.387178 -0.489384
#_#tangent 0.573677 0.137111 0.807524
#_#binormal -0.245556 -0.911753 0.329255
vt 0.90247 0.0756716
v 1.02981 -0.547549 -0.616515
vn 0.781407 -0.387178 -0.489384
#_#tangent 0.573677 0.137111 0.807524
#_#binormal -0.245556 -0.911753 0.329255
vt 0.609375 0.839832
v 1.02981 -0.547549 -0.616515
vn 0.781407 -0.387178 -0.489384
#_#tangent 0.573677 0.137111 0.807524
#_#binormal -0.245556 -0.911753 0.329255
vt 0.501953 0.896187
v 1.02981 -0.547549 -0.616515
vn 0.781407 -0.387178 -0.489384
#_#tangent 0.573677 0.137111 0.807524
#_#binormal -0.245556 -0.911753 0.329255
vt 0.472656 0.774402
v 1.02981 -0.547549 -0.616515
vn 0.781407 -0.387178 -0.489384
#_#tangent 0.573677 0.137111 0.807524
#_#binormal -0.245556 -0.911753 0.329255
vt 0.727539 0.864641
v 0.203589 0.645095 1.30278
vn 0.197177 0.456156 0.867781
#_#tangent -0.656547 -0.59591 0.462425
#_#binormal 0.728057 -0.660918 0.181988
vt 0.92645 0.304493
v 0.203589 0.645095 1.30278
vn 0.197177 0.456156 0.867781
#_#tangent -0.656547 -0.59591 0.462425
#_#binormal 0.728057 -0.660918 0.181988
vt 0.827568 0.770891
v 0.203589 0.645095 1.30278
vn 0.197177 0.456156 0.867781
#_#tangent -0.656547 -0.59591 0.462425
#_#binormal 0.728057 -0.660918 0.181988
vt 0.592475 0.338259
v 0.203589 0.645095 1.30278
vn 0.197177 0.456156 0.867781
#_#tangent -0.656547 -0.59591 0.462425
#_#binormal 0.728057 -0.660918 0.181988
vt 0.77581 0.819719
v 0.203589 0.645095 1.30278
vn 0.197177 0.456156 0.867781
#_#tangent -0.656547 -0.59591 0.462425
#_#binormal 0.728057 -0.660918 0.181988
vt 0.0234375 0.798531
v -1.18032 0.547549 0.767655
vn -0.781406 0.387179 0.489384
#_#tangent -0.617561 -0.592378 -0.517404
#_#binormal 0.0895726 -0.706527 0.701994
vt 0.399414 0.775094
v -1.18032 0.547549 0.767655
vn -0.781406 0.387179 0.489384
#_#tangent -0.617561 -0.592378 -0.517404
#_#binormal 0.0895726 -0.706527 0.701994
vt 0.411552 0.807023
v -1.18032 0.547549 0.767655
vn -0.781406 0.387179 0.489384
#_#tangent -0.617561 -0.592378 -0.517404
#_#binormal 0.0895726 -0.706527 0.701994
vt 0.432617 0.93457
v -1.18032 0.547549 0.767655
vn -0.781406 0.387179 0.489384
#_#tangent -0.617561 -0.592378 -0.517404
#_#binormal 0.0895726 -0.706527 0.701994
vt 0.81497 0.0814097
v -1.18032 0.547549 0.767655
vn -0.781406 0.387179 0.489384
#_#tangent -0.617561 -0.592378 -0.517404
#_#binormal 0.0895726 -0.706527 0.701994
vt 0.634208 0.87343
v -1.10115 0.564964 -0.717094
vn -0.725424 0.399493 -0.560505
#_#tangent 0.531986 -0.191301 -0.824861
#_#binormal -0.436751 -0.896554 -0.0737504
vt 0.0580362 0.850968
v -1.10115 0.564964 -0.717094
vn -0.725424 0.399493 -0.560505
#_#tangent 0.531986 -0.191301 -0.824861
#_#binormal -0.436751 -0.896554 -0.0737504
vt 0.39495 0.890032
v -1.10115 0.564964 -0.717094
vn -0.725424 0.399493 -0.560505
#_#tangent 0.531986 -0.191301 -0.824861
#_#binormal -0.436751 -0.896554 -0.0737504
vt 0.849609 0.871082
v -1.10115 0.564964 -0.717094
vn -0.725424 0.399493 -0.560505
#_#tangent 0.531986 -0.191301 -0.824861
#_#binormal -0.436751 -0.896554 -0.0737504
vt 0.303711 0.773141
v -1.10115 0.564964 -0.717094
vn -0.725424 0.399493 -0.560505
#_#tangent 0.531986 -0.191301 -0.824861
#_#binormal -0.436751 -0.896554 -0.0737504
vt 0.530273 0.812203
v 0.331691 0.673274 -1.09961
vn 0.28776 0.476081 -0.830988
#_#tangent 0.823512 0.319944 0.46847
#_#binormal 0.488899 -0.819135 -0.299991
vt 0.169922 0.839832
v 0.331691 0.673274 -1.09961
vn 0.28776 0.476081 -0.830988
#_#tangent 0.823512 0.319944 0.46847
#_#binormal 0.488899 -0.819135 -0.299991
vt 0.101563 0.858781
v 0.331691 0.673274 -1.09961
vn 0.28776 0.476081 -0.830988
#_#tangent 0.823512 0.319944 0.46847
#_#binormal 0.488899 -0.819135 -0.299991
vt 0.882813 0.811227
v 0.331691 0.673274 -1.09961
vn 0.28776 0.476081 -0.830988
#_#tangent 0.823512 0.319944 0.46847
#_#binormal 0.488899 -0.819135 -0.299991
vt 0.315849 0.814836
v 0.331691 0.673274 -1.09961
vn 0.28776 0.476081 -0.830988
#_#tangent 0.823512 0.319944 0.46847
#_#binormal 0.488899 -0.819135 -0.299991
vt 0.207031 0.782906
v 1.13809 0.722799 0.148747
vn 0.857964 0.511097 0.0517433
#_#tangent 0.314835 -0.602734 0.733205
#_#binormal 0.405927 -0.612773 -0.678036
vt 0.929069 0.929688
v 1.13809 0.722799 0.148747
vn 0.857964 0.511097 0.0517433
#_#tangent 0.314835 -0.602734 0.733205
#_#binormal 0.405927 -0.612773 -0.678036
vt 0.586444 0.917432
v 1.13809 0.722799 0.148747
vn 0.857964 0.511097 0.0517433
#_#tangent 0.314835 -0.602734 0.733205
#_#binormal 0.405927 -0.612773 -0.678036
vt 0.414724 0.0741852
v 1.13809 0.722799 0.148747
vn 0.857964 0.511097 0.0517433
#_#tangent 0.314835 -0.602734 0.733205
#_#binormal 0.405927 -0.612773 -0.678036
vt 0.550224 0.851945
v 1.13809 0.722799 0.148747
vn 0.857964 0.511097 0.0517433
#_#tangent 0.314835 -0.602734 0.733205
#_#binormal 0.405927 -0.612773 -0.678036
vt 0.211914 0.885445
v -0.178927 1.41037 0.0865855
vn -0.0733057 0.997279 0.00778878
#_#tangent -0.134704 -0.0176391 0.990729
#_#binormal 0.988171 0.0715769 0.13563
vt 0.0776804 0.140992
v -0.178927 1.41037 0.0865855
vn -0.0733057 0.997279 0.00778878
#_#tangent -0.134704 -0.0176391 0.990729
#_#binormal 0.988171 0.0715769 0.13563
vt 0.219905 0.0693426
v 0.588686 -1.16107 0.535013
vn 0.469479 -0.821002 0.324877
#_#tangent 0.159062 0.440571 0.883514
#_#binormal -0.868498 -0.363116 0.337429
vt 0.85921 0.37074
v 0.588686 -1.16107 0.535013
vn 0.469479 -0.821002 0.324877
#_#tangent 0.159062 0.440571 0.883514
#_#binormal -0.868498 -0.363116 0.337429
vt 0.896646 0.734375
v 0.588686 -1.16107 0.535013
vn 0.469479 -0.821002 0.324877
#_#tangent 0.159062 0.440571 0.883514
#_#binormal -0.868498 -0.363116 0.337429
vt 0.905708 0.923162
v 0.588686 -1.16107 0.535013
vn 0.469479 -0.821002 0.324877
#_#tangent 0.159062 0.440571 0.883514
#_#binormal -0.868498 -0.363116 0.337429
vt 0.410156 0.702407
v 0.588686 -1.16107 0.535013
vn 0.469479 -0.821002 0.324877
#_#tangent 0.159062 0.440571 0.883514
#_#binormal -0.868498 -0.363116 0.337429
vt 0.663003 0.26445
v -0.25352 -1.22474 0.759852
vn -0.126052 -0.866019 0.483861
#_#tangent -0.907654 0.29752 0.29605
#_#binormal -0.400343 -0.401861 -0.823549
vt 0.580239 0.708008
v -0.25352 -1.22474 0.759852
vn -0.126052 -0.866019 0.483861
#_#tangent -0.907654 0.29752 0.29605
#_#binormal -0.400343 -0.401861 -0.823549
vt 0.265625 0.25
v -0.25352 -1.22474 0.759852
vn -0.126052 -0.866019 0.483861
#_#tangent -0.907654 0.29752 0.29605
#_#binormal -0.400343 -0.401861 -0.823549
vt 0.802078 0.662109
v -0.25352 -1.22474 0.759852
vn -0.126052 -0.866019 0.483861
#_#tangent -0.907654 0.29752 0.29605
#_#binormal -0.400343 -0.401861 -0.823549
vt 0.209961 0.617446
v -0.25352 -1.22474 0.759852
vn -0.126052 -0.866019 0.483861
#_#tangent -0.907654 0.29752 0.29605
#_#binormal -0.400343 -0.401861 -0.823549
vt 0.0647002 0.763525
v -0.25352 -1.22474 0.759852
vn -0.126052 -0.866019 0.483861
#_#tangent -0.907654 0.29752 0.29605
#_#binormal -0.400343 -0.401861 -0.823549
vt 0.52832 0.240036
v 0.288554 -0.727825 1.23225
vn 0.257253 -0.514649 0.817898
#_#tangent -0.966344 -0.136988 0.217746
#_#binormal -2.01357e-005 -0.846387 -0.532569
vt 0.384766 0.597597
v 0.288554 -0.727825 1.23225
vn 0.257253 -0.514649 0.817898
#_#tangent -0.966344 -0.136988 0.217746
#_#binormal -2.01357e-005 -0.846387 -0.532569
vt 0.423317 0.92451
v 0.288554 -0.727825 1.23225
vn 0.257253 -0.514649 0.817898
#_#tangent -0.966344 -0.136988 0.217746
#_#binormal -2.01357e-005 -0.846387 -0.532569
vt 0.712161 0.715871
v 0.288554 -0.727825 1.23225
vn 0.257253 -0.514649 0.817898
#_#tangent -0.966344 -0.136988 0.217746
#_#binormal -2.01357e-005 -0.846387 -0.532569
vt 0.916992 0.688477
v 0.288554 -0.727825 1.23225
vn 0.257253 -0.514649 0.817898
#_#tangent -0.966344 -0.136988 0.217746
#_#binormal -2.01357e-005 -0.846387 -0.532569
vt 0.741391 0.244141
v 0.635222 -1.15084 -0.337703
vn 0.502384 -0.813764 -0.292229
#_#tangent 0.669731 0.15247 0.726783
#_#binormal -0.546874 -0.560839 0.621601
vt 0.105469 0.295701
v 0.635222 -1.15084 -0.337703
vn 0.502384 -0.813764 -0.292229
#_#tangent 0.669731 0.15247 0.726783
#_#binormal -0.546874 -0.560839 0.621601
vt 0.00976563 0.240234
v 0.635222 -1.15084 -0.337703
vn 0.502384 -0.813764 -0.292229
#_#tangent 0.669731 0.15247 0.726783
#_#binormal -0.546874 -0.560839 0.621601
vt 0.700733 0.924805
v 0.635222 -1.15084 -0.337703
vn 0.502384 -0.813764 -0.292229
#_#tangent 0.669731 0.15247 0.726783
#_#binormal -0.546874 -0.560839 0.621601
vt 0.704677 0.351599
v 0.635222 -1.15084 -0.337703
vn 0.502384 -0.813764 -0.292229
#_#tangent 0.669731 0.15247 0.726783
#_#binormal -0.546874 -0.560839 0.621601
vt 0.236575 0.753759
v 0.635222 -1.15084 -0.337703
vn 0.502384 -0.813764 -0.292229
#_#tangent 0.669731 0.15247 0.726783
#_#binormal -0.546874 -0.560839 0.621601
vt 0.824219 0.680604
v 1.1773 -0.653923 0.134689
vn 0.88569 -0.462392 0.0418039
#_#tangent 0.375126 0.765763 0.522386
#_#binormal -0.273559 -0.44699 0.851684
vt 0.382813 0.703125
v 1.1773 -0.653923 0.134689
vn 0.88569 -0.462392 0.0418039
#_#tangent 0.375126 0.765763 0.522386
#_#binormal -0.273559 -0.44699 0.851684
vt 0.518735 0.25
v 1.1773 -0.653923 0.134689
vn 0.88569 -0.462392 0.0418039
#_#tangent 0.375126 0.765763 0.522386
#_#binormal -0.273559 -0.44699 0.851684
vt 0.335208 0.734425
v 1.1773 -0.653923 0.134689
vn 0.88569 -0.462392 0.0418039
#_#tangent 0.375126 0.765763 0.522386
#_#binormal -0.273559 -0.44699 0.851684
vt 0.0784447 0.609375
v 1.1773 -0.653923 0.134689
vn 0.88569 -0.462392 0.0418039
#_#tangent 0.375126 0.765763 0.522386
#_#binormal -0.273559 -0.44699 0.851684
vt 0.638672 0.939023
v -0.727506 -1.25384 0.0260835
vn -0.461209 -0.886601 -0.0349925
#_#tangent 0.886606 -0.462044 0.0210919
#_#binormal -0.0348682 -0.0212967 0.999165
vt 0.799805 0.236328
v -0.727506 -1.25384 0.0260835
vn -0.461209 -0.886601 -0.0349925
#_#tangent 0.886606 -0.462044 0.0210919
#_#binormal -0.0348682 -0.0212967 0.999165
vt 0.285156 0.697205
v -0.727506 -1.25384 0.0260835
vn -0.461209 -0.886601 -0.0349925
#_#tangent 0.886606 -0.462044 0.0210919
#_#binormal -0.0348682 -0.0212967 0.999165
vt 0.0986328 0.697064
v -0.727506 -1.25384 0.0260835
vn -0.461209 -0.886601 -0.0349925
#_#tangent 0.886606 -0.462044 0.0210919
#_#binormal -0.0348682 -0.0212967 0.999165
vt 0.242105 0.257614
v -0.727506 -1.25384 0.0260835
vn -0.461209 -0.886601 -0.0349925
#_#tangent 0.886606 -0.462044 0.0210919
#_#binormal -0.0348682 -0.0212967 0.999165
vt 0.205078 0.714622
v -0.727506 -1.25384 0.0260835
vn -0.461209 -0.886601 -0.0349925
#_#tangent 0.886606 -0.462044 0.0210919
#_#binormal -0.0348682 -0.0212967 0.999165
vt 0.0224609 0.716847
v -1.02765 -0.820597 0.723316
vn -0.673442 -0.580249 0.458026
#_#tangent 0.73755 -0.485515 0.469356
#_#binormal -0.0499645 0.653901 0.754928
vt 0.507994 0.231386
v -1.02765 -0.820597 0.723316
vn -0.673442 -0.580249 0.458026
#_#tangent 0.73755 -0.485515 0.469356
#_#binormal -0.0499645 0.653901 0.754928
vt 0.322266 0.639589
v -1.02765 -0.820597 0.723316
vn -0.673442 -0.580249 0.458026
#_#tangent 0.73755 -0.485515 0.469356
#_#binormal -0.0499645 0.653901 0.754928
vt 0.47592 0.354368
v -1.02765 -0.820597 0.723316
vn -0.673442 -0.580249 0.458026
#_#tangent 0.73755 -0.485515 0.469356
#_#binormal -0.0499645 0.653901 0.754928
vt 0.171875 0.575049
v -1.02765 -0.820597 0.723316
vn -0.673442 -0.580249 0.458026
#_#tangent 0.73755 -0.485515 0.469356
#_#binormal -0.0499645 0.653901 0.754928
vt 0.0263672 0.482472
v -1.02765 -0.820597 0.723316
vn -0.673442 -0.580249 0.458026
#_#tangent 0.73755 -0.485515 0.469356
#_#binormal -0.0499645 0.653901 0.754928
vt 0.637039 0.727478
v -0.178223 -1.20817 -0.652245
vn -0.0728087 -0.854307 -0.514643
#_#tangent -0.550561 -0.395837 0.73498
#_#binormal -0.831614 0.336856 -0.441528
vt 0.104492 0.21875
v -0.178223 -1.20817 -0.652245
vn -0.0728087 -0.854307 -0.514643
#_#tangent -0.550561 -0.395837 0.73498
#_#binormal -0.831614 0.336856 -0.441528
vt 0.452468 0.570313
v -0.178223 -1.20817 -0.652245
vn -0.0728087 -0.854307 -0.514643
#_#tangent -0.550561 -0.395837 0.73498
#_#binormal -0.831614 0.336856 -0.441528
vt 0.933594 0.679946
v -0.178223 -1.20817 -0.652245
vn -0.0728087 -0.854307 -0.514643
#_#tangent -0.550561 -0.395837 0.73498
#_#binormal -0.831614 0.336856 -0.441528
vt 0.952066 0.272262
v -0.178223 -1.20817 -0.652245
vn -0.0728087 -0.854307 -0.514643
#_#tangent -0.550561 -0.395837 0.73498
#_#binormal -0.831614 0.336856 -0.441528
vt 0.925781 0.76638
v -0.178223 -1.20817 -0.652245
vn -0.0728087 -0.854307 -0.514643
#_#tangent -0.550561 -0.395837 0.73498
#_#binormal -0.831614 0.336856 -0.441528
vt 0.8772 0.72837
v -0.952349 -0.804034 -0.688785
vn -0.620198 -0.568536 -0.540482
#_#tangent 0.628439 0.0522598 -0.776101
#_#binormal 0.469487 -0.820996 0.324879
vt 0.597904 0.605323
v -0.952349 -0.804034 -0.688785
vn -0.620198 -0.568536 -0.540482
#_#tangent 0.628439 0.0522598 -0.776101
#_#binormal 0.469487 -0.820996 0.324879
vt 0.344727 0.271424
v -0.952349 -0.804034 -0.688785
vn -0.620198 -0.568536 -0.540482
#_#tangent 0.628439 0.0522598 -0.776101
#_#binormal 0.469487 -0.820996 0.324879
vt 0.00976563 0.570313
v -0.952349 -0.804034 -0.688785
vn -0.620198 -0.568536 -0.540482
#_#tangent 0.628439 0.0522598 -0.776101
#_#binormal 0.469487 -0.820996 0.324879
vt 0.624271 0.652395
v -0.952349 -0.804034 -0.688785
vn -0.620198 -0.568536 -0.540482
#_#tangent 0.628439 0.0522598 -0.776101
#_#binormal 0.469487 -0.820996 0.324879
vt 0.557617 0.539979
v -0.952349 -0.804034 -0.688785
vn -0.620198 -0.568536 -0.540482
#_#tangent 0.628439 0.0522598 -0.776101
#_#binormal 0.469487 -0.820996 0.324879
vt 0.00976563 0.158203
v 0.410387 -0.701025 -1.05258
vn 0.343401 -0.495698 -0.797721
#_#tangent 0.782324 0.620936 -0.0490722
#_#binormal 0.519659 -0.607224 0.601027
vt 0.674805 0.686377
v 0.410387 -0.701025 -1.05258
vn 0.343401 -0.495698 -0.797721
#_#tangent 0.782324 0.620936 -0.0490722
#_#binormal 0.519659 -0.607224 0.601027
vt 0.416196 0.249023
v 0.410387 -0.701025 -1.05258
vn 0.343401 -0.495698 -0.797721
#_#tangent 0.782324 0.620936 -0.0490722
#_#binormal 0.519659 -0.607224 0.601027
vt 0.82056 0.565285
v 0.410387 -0.701025 -1.05258
vn 0.343401 -0.495698 -0.797721
#_#tangent 0.782324 0.620936 -0.0490722
#_#binormal 0.519659 -0.607224 0.601027
vt 0.834961 0.0262473
v 0.410387 -0.701025 -1.05258
vn 0.343401 -0.495698 -0.797721
#_#tangent 0.782324 0.620936 -0.0490722
#_#binormal 0.519659 -0.607224 0.601027
vt 0.485352 0.675781
v 0.410387 -0.701025 -1.05258
vn 0.343401 -0.495698 -0.797721
#_#tangent 0.782324 0.620936 -0.0490722
#_#binormal 0.519659 -0.607224 0.601027
vt 0.917969 0.15918
v 1.28748 0.10301 -0.288218
vn 0.963599 0.0728397 -0.257238
#_#tangent -0.267249 0.289191 -0.91921
#_#binormal 0.00743591 0.954496 0.29813
vt 0.855528 0.137272
v 1.28748 0.10301 -0.288218
vn 0.963599 0.0728397 -0.257238
#_#tangent -0.267249 0.289191 -0.91921
#_#binormal 0.00743591 0.954496 0.29813
vt 0.24031 0.502887
v 1.28748 0.10301 -0.288218
vn 0.963599 0.0728397 -0.257238
#_#tangent -0.267249 0.289191 -0.91921
#_#binormal 0.00743591 0.954496 0.29813
vt 0.267578 0.231246
v 1.28748 0.10301 -0.288218
vn 0.963599 0.0728397 -0.257238
#_#tangent -0.267249 0.289191 -0.91921
#_#binormal 0.00743591 0.954496 0.29813
vt 0.448242 0.123047
v 1.28748 0.10301 -0.288218
vn 0.963599 0.0728397 -0.257238
#_#tangent -0.267249 0.289191 -0.91921
#_#binormal 0.00743591 0.954496 0.29813
vt 0.0803979 0.533203
v 1.28748 0.10301 -0.288218
vn 0.963599 0.0728397 -0.257238
#_#tangent -0.267249 0.289191 -0.91921
#_#binormal 0.00743591 0.954496 0.29813
vt 0.307617 0.698501
v 1.24094 0.0927737 0.584502
vn 0.930693 0.0656 0.35987
#_#tangent -0.364183 0.0737739 0.928401
#_#binormal 0.0343541 -0.995115 0.0925513
vt 0.454102 0.917468
v 1.24094 0.0927737 0.584502
vn 0.930693 0.0656 0.35987
#_#tangent -0.364183 0.0737739 0.928401
#_#binormal 0.0343541 -0.995115 0.0925513
vt 0.472656 0.580078
v 1.24094 0.0927737 0.584502
vn 0.930693 0.0656 0.35987
#_#tangent -0.364183 0.0737739 0.928401
#_#binormal 0.0343541 -0.995115 0.0925513
vt 0.977719 0.205078
v 1.24094 0.0927737 0.584502
vn 0.930693 0.0656 0.35987
#_#tangent -0.364183 0.0737739 0.928401
#_#binormal 0.0343541 -0.995115 0.0925513
vt 0.622546 0.977155
v 1.24094 0.0927737 0.584502
vn 0.930693 0.0656 0.35987
#_#tangent -0.364183 0.0737739 0.928401
#_#binormal 0.0343541 -0.995115 0.0925513
vt 0.762695 0.161912
v 1.24094 0.0927737 0.584502
vn 0.930693 0.0656 0.35987
#_#tangent -0.364183 0.0737739 0.928401
#_#binormal 0.0343541 -0.995115 0.0925513
vt 0.24707 0.564712
v 0.691662 0.0471004 1.26284
vn 0.542294 0.0333052 0.839529
#_#tangent 0.39963 -0.889172 -0.222866
#_#binormal 0.739063 0.45636 -0.495502
vt 0.815883 0.961714
v 0.691662 0.0471004 1.26284
vn 0.542294 0.0333052 0.839529
#_#tangent 0.39963 -0.889172 -0.222866
#_#binormal 0.739063 0.45636 -0.495502
vt 0.618164 0.135742
v 0.691662 0.0471004 1.26284
vn 0.542294 0.0333052 0.839529
#_#tangent 0.39963 -0.889172 -0.222866
#_#binormal 0.739063 0.45636 -0.495502
vt 0.867508 0.4375
v 0.691662 0.0471004 1.26284
vn 0.542294 0.0333052 0.839529
#_#tangent 0.39963 -0.889172 -0.222866
#_#binormal 0.739063 0.45636 -0.495502
vt 0.384766 0.51686
v 0.691662 0.0471004 1.26284
vn 0.542294 0.0333052 0.839529
#_#tangent 0.39963 -0.889172 -0.222866
#_#binormal 0.739063 0.45636 -0.495502
vt 0.439701 0.484229
v -0.150554 -0.0165635 1.48768
vn -0.0532432 -0.0117123 0.998513
#_#tangent 0.991667 -0.11809 0.051493
#_#binormal 0.117311 0.992934 0.0179022
vt 0.285685 0.331986
v -0.150554 -0.0165635 1.48768
vn -0.0532432 -0.0117123 0.998513
#_#tangent 0.991667 -0.11809 0.051493
#_#binormal 0.117311 0.992934 0.0179022
vt 0.74345 0.10425
v -0.150554 -0.0165635 1.48768
vn -0.0532432 -0.0117123 0.998513
#_#tangent 0.991667 -0.11809 0.051493
#_#binormal 0.117311 0.992934 0.0179022
vt 0.164243 0.172852
v -0.150554 -0.0165635 1.48768
vn -0.0532432 -0.0117123 0.998513
#_#tangent 0.991667 -0.11809 0.051493
#_#binormal 0.117311 0.992934 0.0179022
vt 0.966508 0.370759
v -0.150554 -0.0165635 1.48768
vn -0.0532432 -0.0117123 0.998513
#_#tangent 0.991667 -0.11809 0.051493
#_#binormal 0.117311 0.992934 0.0179022
vt 0.0923465 0.966585
v -0.150554 -0.0165635 1.48768
vn -0.0532432 -0.0117123 0.998513
#_#tangent 0.991667 -0.11809 0.051493
#_#binormal 0.117311 0.992934 0.0179022
vt 0.585856 0.195113
v -0.964009 -0.0739007 1.17314
vn -0.628443 -0.0522559 0.776098
#_#tangent -0.777189 0.083473 -0.623706
#_#binormal -0.0321909 -0.995139 -0.0930707
vt 0.246094 0.471459
v -0.964009 -0.0739007 1.17314
vn -0.628443 -0.0522559 0.776098
#_#tangent -0.777189 0.083473 -0.623706
#_#binormal -0.0321909 -0.995139 -0.0930707
vt 0.156498 0.511572
v -0.964009 -0.0739007 1.17314
vn -0.628443 -0.0522559 0.776098
#_#tangent -0.777189 0.083473 -0.623706
#_#binormal -0.0321909 -0.995139 -0.0930707
vt 0.84082 0.156052
v -0.964009 -0.0739007 1.17314
vn -0.628443 -0.0522559 0.776098
#_#tangent -0.777189 0.083473 -0.623706
#_#binormal -0.0321909 -0.995139 -0.0930707
vt 0.874205 0.259706
v -0.964009 -0.0739007 1.17314
vn -0.628443 -0.0522559 0.776098
#_#tangent -0.777189 0.083473 -0.623706
#_#binormal -0.0321909 -0.995139 -0.0930707
vt 0.103516 0.463149
v -0.964009 -0.0739007 1.17314
vn -0.628443 -0.0522559 0.776098
#_#tangent -0.777189 0.083473 -0.623706
#_#binormal -0.0321909 -0.995139 -0.0930707
vt 0.178711 0.556581
v -1.43799 -0.10301 0.439358
vn -0.963599 -0.0728397 0.257238
#_#tangent 0.156727 0.625604 0.764235
#_#binormal -0.216596 0.776733 -0.591416
vt 0.522781 0.601503
v -1.43799 -0.10301 0.439358
vn -0.963599 -0.0728397 0.257238
#_#tangent 0.156727 0.625604 0.764235
#_#binormal -0.216596 0.776733 -0.591416
vt 0.265625 0.217714
v -1.43799 -0.10301 0.439358
vn -0.963599 -0.0728397 0.257238
#_#tangent 0.156727 0.625604 0.764235
#_#binormal -0.216596 0.776733 -0.591416
vt 0.600586 0.618423
v -1.43799 -0.10301 0.439358
vn -0.963599 -0.0728397 0.257238
#_#tangent 0.156727 0.625604 0.764235
#_#binormal -0.216596 0.776733 -0.591416
vt 0.457667 0.978803
v -1.43799 -0.10301 0.439358
vn -0.963599 -0.0728397 0.257238
#_#tangent 0.156727 0.625604 0.764235
#_#binormal -0.216596 0.776733 -0.591416
vt 0.742105 0.229293
v -1.43799 -0.10301 0.439358
vn -0.963599 -0.0728397 0.257238
#_#tangent 0.156727 0.625604 0.764235
#_#binormal -0.216596 0.776733 -0.591416
vt 0.17692 0.674805
v -1.39146 -0.0927737 -0.433362
vn -0.930693 -0.0656007 -0.359871
#_#tangent -0.0667397 0.997727 -0.00927393
#_#binormal 0.359661 0.0153865 -0.932956
vt 0.336654 0.108398
v -1.39146 -0.0927737 -0.433362
vn -0.930693 -0.0656007 -0.359871
#_#tangent -0.0667397 0.997727 -0.00927393
#_#binormal 0.359661 0.0153865 -0.932956
vt 0.675098 0.0413916
v -1.39146 -0.0927737 -0.433362
vn -0.930693 -0.0656007 -0.359871
#_#tangent -0.0667397 0.997727 -0.00927393
#_#binormal 0.359661 0.0153865 -0.932956
vt 0.0841647 0.263612
v -1.39146 -0.0927737 -0.433362
vn -0.930693 -0.0656007 -0.359871
#_#tangent -0.0667397 0.997727 -0.00927393
#_#binormal 0.359661 0.0153865 -0.932956
vt 0.0647003 0.685399
v -1.39146 -0.0927737 -0.433362
vn -0.930693 -0.0656007 -0.359871
#_#tangent -0.0667397 0.997727 -0.00927393
#_#binormal 0.359661 0.0153865 -0.932956
vt 0.189773 0.600586
v -0.842175 -0.0471004 -1.1117
vn -0.542294 -0.0333054 -0.839529
#_#tangent 0.70491 0.525684 -0.476192
#_#binormal 0.457186 -0.850028 -0.261598
vt 0.372344 0.916197
v -0.842175 -0.0471004 -1.1117
vn -0.542294 -0.0333054 -0.839529
#_#tangent 0.70491 0.525684 -0.476192
#_#binormal 0.457186 -0.850028 -0.261598
vt 0.607422 0.219529
v -0.842175 -0.0471004 -1.1117
vn -0.542294 -0.0333054 -0.839529
#_#tangent 0.70491 0.525684 -0.476192
#_#binormal 0.457186 -0.850028 -0.261598
vt 0.932617 0.523217
v -0.842175 -0.0471004 -1.1117
vn -0.542294 -0.0333054 -0.839529
#_#tangent 0.70491 0.525684 -0.476192
#_#binormal 0.457186 -0.850028 -0.261598
vt 0.30957 0.531509
v -0.842175 -0.0471004 -1.1117
vn -0.542294 -0.0333054 -0.839529
#_#tangent 0.70491 0.525684 -0.476192
#_#binormal 0.457186 -0.850028 -0.261598
vt 0.18457 0.202089
v -0.842175 -0.0471004 -1.1117
vn -0.542294 -0.0333054 -0.839529
#_#tangent 0.70491 0.525684 -0.476192
#_#binormal 0.457186 -0.850028 -0.261598
vt 0.749272 0.476613
v 4.05312e-005 0.0165635 -1.33654
vn 0.0532434 0.0117119 -0.998513
#_#tangent 0.909816 0.411569 0.0533413
#_#binormal 0.411582 -0.911303 0.0112576
vt 0.762695 0.176758
v 4.05312e-005 0.0165635 -1.33654
vn 0.0532434 0.0117119 -0.998513
#_#tangent 0.909816 0.411569 0.0533413
#_#binormal 0.411582 -0.911303 0.0112576
vt 0.0647006 0.527198
v 4.05312e-005 0.0165635 -1.33654
vn 0.0532434 0.0117119 -0.998513
#_#tangent 0.909816 0.411569 0.0533413
#_#binormal 0.411582 -0.911303 0.0112576
vt 0.60856 0.52832
v 4.05312e-005 0.0165635 -1.33654
vn 0.0532434 0.0117119 -0.998513
#_#tangent 0.909816 0.411569 0.0533413
#_#binormal 0.411582 -0.911303 0.0112576
vt 0.847656 0.593691
v 4.05312e-005 0.0165635 -1.33654
vn 0.0532434 0.0117119 -0.998513
#_#tangent 0.909816 0.411569 0.0533413
#_#binormal 0.411582 -0.911303 0.0112576
vt 0.360352 0.197067
v 4.05312e-005 0.0165635 -1.33654
vn 0.0532434 0.0117119 -0.998513
#_#tangent 0.909816 0.411569 0.0533413
#_#binormal 0.411582 -0.911303 0.0112576
vt 0.772461 0.51686
v 0.813496 0.0739007 -1.022
vn 0.628443 0.0522566 -0.776098
#_#tangent 0.76848 0.112733 0.629865
#_#binormal 0.120406 -0.99225 0.030688
vt 0.930139 0.0420331
v 0.813496 0.0739007 -1.022
vn 0.628443 0.0522566 -0.776098
#_#tangent 0.76848 0.112733 0.629865
#_#binormal 0.120406 -0.99225 0.030688
vt 0.459961 0.494141
v 0.813496 0.0739007 -1.022
vn 0.628443 0.0522566 -0.776098
#_#tangent 0.76848 0.112733 0.629865
#_#binormal 0.120406 -0.99225 0.030688
vt 0.685547 0.184372
v 0.813496 0.0739007 -1.022
vn 0.628443 0.0522566 -0.776098
#_#tangent 0.76848 0.112733 0.629865
#_#binormal 0.120406 -0.99225 0.030688
vt 0.482422 0.489516
v 0.813496 0.0739007 -1.022
vn 0.628443 0.0522566 -0.776098
#_#tangent 0.76848 0.112733 0.629865
#_#binormal 0.120406 -0.99225 0.030688
vt 0.245299 0.180664
v 0.813496 0.0739007 -1.022
vn 0.628443 0.0522566 -0.776098
#_#tangent 0.76848 0.112733 0.629865
#_#binormal 0.120406 -0.99225 0.030688
vt 0.315678 0.510793
v 0.801836 0.804034 0.839925
vn 0.620198 0.568537 0.540482
#_#tangent 0.229746 -0.790433 0.567831
#_#binormal 0.750047 -0.227994 -0.620845
vt 0.584043 0.96667
v 0.801836 0.804034 0.839925
vn 0.620198 0.568537 0.540482
#_#tangent 0.229746 -0.790433 0.567831
#_#binormal 0.750047 -0.227994 -0.620845
vt 0.819411 0.575488
v 0.801836 0.804034 0.839925
vn 0.620198 0.568537 0.540482
#_#tangent 0.229746 -0.790433 0.567831
#_#binormal 0.750047 -0.227994 -0.620845
vt 0.388023 0.0126925
v 0.801836 0.804034 0.839925
vn 0.620198 0.568537 0.540482
#_#tangent 0.229746 -0.790433 0.567831
#_#binormal 0.750047 -0.227994 -0.620845
vt 0.887695 0.470703
v 0.801836 0.804034 0.839925
vn 0.620198 0.568537 0.540482
#_#tangent 0.229746 -0.790433 0.567831
#_#binormal 0.750047 -0.227994 -0.620845
vt 0.715164 0.553711
v -0.5609 0.701025 1.20372
vn -0.343401 0.495699 0.79772
#_#tangent -0.588651 -0.775436 0.22845
#_#binormal 0.731823 -0.391129 0.55808
vt 0.683841 0.555713
v -0.5609 0.701025 1.20372
vn -0.343401 0.495699 0.79772
#_#tangent -0.588651 -0.775436 0.22845
#_#binormal 0.731823 -0.391129 0.55808
vt 0.745437 0.556581
v -0.5609 0.701025 1.20372
vn -0.343401 0.495699 0.79772
#_#tangent -0.588651 -0.775436 0.22845
#_#binormal 0.731823 -0.391129 0.55808
vt 0.209961 0.698182
v -0.5609 0.701025 1.20372
vn -0.343401 0.495699 0.79772
#_#tangent -0.588651 -0.775436 0.22845
#_#binormal 0.731823 -0.391129 0.55808
vt 0.94062 0.00976563
v -0.5609 0.701025 1.20372
vn -0.343401 0.495699 0.79772
#_#tangent -0.588651 -0.775436 0.22845
#_#binormal 0.731823 -0.391129 0.55808
vt 0.573244 0.27998
v -1.32781 0.653923 0.0164509
vn -0.88569 0.462392 -0.0418038
#_#tangent 0.340536 0.708194 0.618463
#_#binormal 0.315577 0.53353 -0.784702
vt 0.103263 0.0165807
v -1.32781 0.653923 0.0164509
vn -0.88569 0.462392 -0.0418038
#_#tangent 0.340536 0.708194 0.618463
#_#binormal 0.315577 0.53353 -0.784702
vt 0.487545 0.101523
v -1.32781 0.653923 0.0164509
vn -0.88569 0.462392 -0.0418038
#_#tangent 0.340536 0.708194 0.618463
#_#binormal 0.315577 0.53353 -0.784702
vt 0.730716 0.636768
v -1.32781 0.653923 0.0164509
vn -0.88569 0.462392 -0.0418038
#_#tangent 0.340536 0.708194 0.618463
#_#binormal 0.315577 0.53353 -0.784702
vt 0.917969 0.607422
v -1.32781 0.653923 0.0164509
vn -0.88569 0.462392 -0.0418038
#_#tangent 0.340536 0.708194 0.618463
#_#binormal 0.315577 0.53353 -0.784702
vt 0.704102 0.737355
v -0.439067 0.727825 -1.08111
vn -0.257253 0.514649 -0.817898
#_#tangent 0.965934 0.161608 -0.202125
#_#binormal 0.0281555 -0.842033 -0.538691
vt 0.751272 0.941741
v -0.439067 0.727825 -1.08111
vn -0.257253 0.514649 -0.817898
#_#tangent 0.965934 0.161608 -0.202125
#_#binormal 0.0281555 -0.842033 -0.538691
vt 0.317685 0.14092
v -0.439067 0.727825 -1.08111
vn -0.257253 0.514649 -0.817898
#_#tangent 0.965934 0.161608 -0.202125
#_#binormal 0.0281555 -0.842033 -0.538691
vt 0.465091 0.669775
v -0.439067 0.727825 -1.08111
vn -0.257253 0.514649 -0.817898
#_#tangent 0.965934 0.161608 -0.202125
#_#binormal 0.0281555 -0.842033 -0.538691
vt 0.155348 0.521777
v -0.439067 0.727825 -1.08111
vn -0.257253 0.514649 -0.817898
#_#tangent 0.965934 0.161608 -0.202125
#_#binormal 0.0281555 -0.842033 -0.538691
vt 0.896804 0.650391
v -0.439067 0.727825 -1.08111
vn -0.257253 0.514649 -0.817898
#_#tangent 0.965934 0.161608 -0.202125
#_#binormal 0.0281555 -0.842033 -0.538691
vt 0.919922 0.53125
v 0.877132 0.820597 -0.572176
vn 0.673442 0.580249 -0.458026
#_#tangent 0.267973 -0.769065 -0.580284
#_#binormal -0.688961 0.268049 -0.673411
vt 0.140735 0.957568
v 0.877132 0.820597 -0.572176
vn 0.673442 0.580249 -0.458026
#_#tangent 0.267973 -0.769065 -0.580284
#_#binormal -0.688961 0.268049 -0.673411
vt 0.322707 0.0107972
v 0.877132 0.820597 -0.572176
vn 0.673442 0.580249 -0.458026
#_#tangent 0.267973 -0.769065 -0.580284
#_#binormal -0.688961 0.268049 -0.673411
vt 0.155521 0.606299
v 0.877132 0.820597 -0.572176
vn 0.673442 0.580249 -0.458026
#_#tangent 0.267973 -0.769065 -0.580284
#_#binormal -0.688961 0.268049 -0.673411
vt 0.617188 0.518409
v 0.877132 0.820597 -0.572176
vn 0.673442 0.580249 -0.458026
#_#tangent 0.267973 -0.769065 -0.580284
#_#binormal -0.688961 0.268049 -0.673411
vt 0.988601 0.634706
v 0.877132 0.820597 -0.572176
vn 0.673442 0.580249 -0.458026
#_#tangent 0.267973 -0.769065 -0.580284
#_#binormal -0.688961 0.268049 -0.673411
vt 0.750977 0.68451
v 0.576993 1.25384 0.125057
vn 0.461209 0.886601 0.0349922
#_#tangent 0.794321 -0.394988 -0.461562
#_#binormal -0.395399 0.240671 -0.886418
vt 0.248878 0.0107814
v 0.576993 1.25384 0.125057
vn 0.461209 0.886601 0.0349922
#_#tangent 0.794321 -0.394988 -0.461562
#_#binormal -0.395399 0.240671 -0.886418
vt 0.347677 0.0759437
v 0.027709 1.20817 0.803385
vn 0.0728089 0.854307 0.514643
#_#tangent -0.993392 0.0162149 0.113623
#_#binormal 0.088724 -0.519515 0.849842
vt 0.142029 0.168754
v 0.027709 1.20817 0.803385
vn 0.0728089 0.854307 0.514643
#_#tangent -0.993392 0.0162149 0.113623
#_#binormal 0.088724 -0.519515 0.849842
vt 0.261375 0.94124
v 0.027709 1.20817 0.803385
vn 0.0728089 0.854307 0.514643
#_#tangent -0.993392 0.0162149 0.113623
#_#binormal 0.088724 -0.519515 0.849842
vt 0.4375 0.277284
v -0.785736 1.15084 0.488843
vn -0.502385 0.813764 0.292229
#_#tangent -0.093602 -0.387175 0.917243
#_#binormal 0.859563 0.433455 0.270681
vt 0.126172 0.0925843
v -0.7392 1.16107 -0.383873
vn -0.469479 0.821002 -0.324876
#_#tangent -0.123577 0.303226 0.944872
#_#binormal 0.874253 0.483745 -0.0409009
vt 0.0500042 0.0765684
v -0.7392 1.16107 -0.383873
vn -0.469479 0.821002 -0.324876
#_#tangent -0.123577 0.303226 0.944872
#_#binormal 0.874253 0.483745 -0.0409009
vt 0.0976563 0.710938
v -0.7392 1.16107 -0.383873
vn -0.469479 0.821002 -0.324876
#_#tangent -0.123577 0.303226 0.944872
#_#binormal 0.874253 0.483745 -0.0409009
vt 0.401529 0.617188
v 0.103006 1.22474 -0.608712
vn 0.126051 0.86602 -0.483861
#_#tangent 0.323168 -0.496992 -0.805333
#_#binormal -0.937909 -0.0548548 -0.342516
vt 0.285061 0.0743191
v 0.103006 1.22474 -0.608712
vn 0.126051 0.86602 -0.483861
#_#tangent 0.323168 -0.496992 -0.805333
#_#binormal -0.937909 -0.0548548 -0.342516
vt 0.842773 0.610131
v 0.103006 1.22474 -0.608712
vn 0.126051 0.86602 -0.483861
#_#tangent 0.323168 -0.496992 -0.805333
#_#binormal -0.937909 -0.0548548 -0.342516
vt 0.522781 0.689393
v 0.323736 -1.33659 0.308656
vn 0.272492 -0.949307 0.15673
#_#tangent 0.702769 0.30763 0.641467
#_#binormal -0.657164 -0.0646495 0.75097
vt 0.841797 0.757094
v 0.323736 -1.33659 0.308656
vn 0.272492 -0.949307 0.15673
#_#tangent 0.702769 0.30763 0.641467
#_#binormal -0.657164 -0.0646495 0.75097
vt 0.903138 0.958705
v 0.323736 -1.33659 0.308656
vn 0.272492 -0.949307 0.15673
#_#tangent 0.702769 0.30763 0.641467
#_#binormal -0.657164 -0.0646495 0.75097
vt 0.705782 0.975623
v 0.323736 -1.33659 0.308656
vn 0.272492 -0.949307 0.15673
#_#tangent 0.702769 0.30763 0.641467
#_#binormal -0.657164 -0.0646495 0.75097
vt 0.183496 0.937911
v 0.323736 -1.33659 0.308656
vn 0.272492 -0.949307 0.15673
#_#tangent 0.702769 0.30763 0.641467
#_#binormal -0.657164 -0.0646495 0.75097
vt 0.318891 0.948079
v 0.803097 -0.897171 0.726398
vn 0.627252 -0.624101 0.465889
#_#tangent -0.076486 -0.644673 -0.760622
#_#binormal 0.775051 0.441468 -0.452108
vt 0.859231 0.351014
v 0.803097 -0.897171 0.726398
vn 0.627252 -0.624101 0.465889
#_#tangent -0.076486 -0.644673 -0.760622
#_#binormal 0.775051 0.441468 -0.452108
vt 0.69306 0.402653
v 0.803097 -0.897171 0.726398
vn 0.627252 -0.624101 0.465889
#_#tangent -0.076486 -0.644673 -0.760622
#_#binormal 0.775051 0.441468 -0.452108
vt 0.554698 0.00976563
v 0.803097 -0.897171 0.726398
vn 0.627252 -0.624101 0.465889
#_#tangent -0.076486 -0.644673 -0.760622
#_#binormal 0.775051 0.441468 -0.452108
vt 0.465005 0.679688
v -0.379441 -0.986561 1.04209
vn -0.219001 -0.68807 0.691808
#_#tangent 0.674 0.405994 0.617165
#_#binormal -0.705523 0.601438 0.374846
vt 0.795898 0.891391
v -0.379441 -0.986561 1.04209
vn -0.219001 -0.68807 0.691808
#_#tangent 0.674 0.405994 0.617165
#_#binormal -0.705523 0.601438 0.374846
vt 0.751953 0.693923
v -0.379441 -0.986561 1.04209
vn -0.219001 -0.68807 0.691808
#_#tangent 0.674 0.405994 0.617165
#_#binormal -0.705523 0.601438 0.374846
vt 0.539063 0.388672
v -0.379441 -0.986561 1.04209
vn -0.219001 -0.68807 0.691808
#_#tangent 0.674 0.405994 0.617165
#_#binormal -0.705523 0.601438 0.374846
vt 0.26481 0.594727
v -0.379441 -0.986561 1.04209
vn -0.219001 -0.68807 0.691808
#_#tangent 0.674 0.405994 0.617165
#_#binormal -0.705523 0.601438 0.374846
vt 0.48241 0.868832
v -0.379441 -0.986561 1.04209
vn -0.219001 -0.68807 0.691808
#_#tangent 0.674 0.405994 0.617165
#_#binormal -0.705523 0.601438 0.374846
vt 0.740912 0.349918
v -0.114029 -1.36968 0.425523
vn -0.0225764 -0.971612 0.235501
#_#tangent -0.764558 0.168557 0.622125
#_#binormal -0.644159 -0.166009 -0.746659
vt 0.525391 0.730727
v -0.114029 -1.36968 0.425523
vn -0.0225764 -0.971612 0.235501
#_#tangent -0.764558 0.168557 0.622125
#_#binormal -0.644159 -0.166009 -0.746659
vt 0.197253 0.865234
v -0.114029 -1.36968 0.425523
vn -0.0225764 -0.971612 0.235501
#_#tangent -0.764558 0.168557 0.622125
#_#binormal -0.644159 -0.166009 -0.746659
vt 0.888672 0.454175
v -0.114029 -1.36968 0.425523
vn -0.0225764 -0.971612 0.235501
#_#tangent -0.764558 0.168557 0.622125
#_#binormal -0.644159 -0.166009 -0.746659
vt 0.152344 0.959113
v -0.114029 -1.36968 0.425523
vn -0.0225764 -0.971612 0.235501
#_#tangent -0.764558 0.168557 0.622125
#_#binormal -0.644159 -0.166009 -0.746659
vt 0.00976563 0.786036
v -0.0976787 -0.728273 1.28764
vn -0.0290934 -0.513983 0.857307
#_#tangent -0.129708 0.852359 0.506616
#_#binormal -0.991125 -0.0964607 -0.091466
vt 0.43489 0.565783
v -0.0976787 -0.728273 1.28764
vn -0.0290934 -0.513983 0.857307
#_#tangent -0.129708 0.852359 0.506616
#_#binormal -0.991125 -0.0964607 -0.091466
vt 0.795898 0.822266
v -0.0976787 -0.728273 1.28764
vn -0.0290934 -0.513983 0.857307
#_#tangent -0.129708 0.852359 0.506616
#_#binormal -0.991125 -0.0964607 -0.091466
vt 0.243251 0.266602
v -0.0976787 -0.728273 1.28764
vn -0.0290934 -0.513983 0.857307
#_#tangent -0.129708 0.852359 0.506616
#_#binormal -0.991125 -0.0964607 -0.091466
vt 0.695313 0.00976563
v -0.0976787 -0.728273 1.28764
vn -0.0290934 -0.513983 0.857307
#_#tangent -0.129708 0.852359 0.506616
#_#binormal -0.991125 -0.0964607 -0.091466
vt 0.539063 0.457797
v -0.0976787 -0.728273 1.28764
vn -0.0290934 -0.513983 0.857307
#_#tangent -0.129708 0.852359 0.506616
#_#binormal -0.991125 -0.0964607 -0.091466
vt 0.967117 0.72029
v 0.647092 -0.671974 1.08881
vn 0.522105 -0.472318 0.710156
#_#tangent -0.526211 -0.833674 -0.167599
#_#binormal 0.671199 -0.286188 -0.683804
vt 0.87456 0.285156
v 0.647092 -0.671974 1.08881
vn 0.522105 -0.472318 0.710156
#_#tangent -0.526211 -0.833674 -0.167599
#_#binormal 0.671199 -0.286188 -0.683804
vt 0.680155 0.470562
v 0.647092 -0.671974 1.08881
vn 0.522105 -0.472318 0.710156
#_#tangent -0.526211 -0.833674 -0.167599
#_#binormal 0.671199 -0.286188 -0.683804
vt 0.0464886 0.918754
v 0.647092 -0.671974 1.08881
vn 0.522105 -0.472318 0.710156
#_#tangent -0.526211 -0.833674 -0.167599
#_#binormal 0.671199 -0.286188 -0.683804
vt 0.420815 0.959108
v 0.647092 -0.671974 1.08881
vn 0.522105 -0.472318 0.710156
#_#tangent -0.526211 -0.833674 -0.167599
#_#binormal 0.671199 -0.286188 -0.683804
vt 0.657227 0.693359
v 0.347924 -1.33127 -0.144968
vn 0.288796 -0.945721 -0.149028
#_#tangent 0.945101 0.306474 -0.113388
#_#binormal 0.152907 -0.108101 0.98231
vt 0.689453 0.949078
v 0.347924 -1.33127 -0.144968
vn 0.288796 -0.945721 -0.149028
#_#tangent 0.945101 0.306474 -0.113388
#_#binormal 0.152907 -0.108101 0.98231
vt 0.850141 0.938314
v 0.347924 -1.33127 -0.144968
vn 0.288796 -0.945721 -0.149028
#_#tangent 0.945101 0.306474 -0.113388
#_#binormal 0.152907 -0.108101 0.98231
vt 0.617691 0.49795
v 0.347924 -1.33127 -0.144968
vn 0.288796 -0.945721 -0.149028
#_#tangent 0.945101 0.306474 -0.113388
#_#binormal 0.152907 -0.108101 0.98231
vt 0.307604 0.879883
