v 0.0102853 -1 -0.000952967
vn -4.51683e-007 -1 -6.31724e-009
#_#tangent -0.528922 2.44266e-007 -0.848671
#_#binormal 0.848671 -3.79989e-007 -0.528922
vt 0.322901 0.25207
v 0.733885 -0.447215 0.524767
vn 0.723607 -0.447217 0.525727
#_#tangent 0.0120022 -0.753422 -0.657428
#_#binormal 0.690107 0.48203 -0.539814
vt 0.226099 0.322889
v -0.2661 -0.447215 0.849687
vn -0.27639 -0.447218 0.850649
#_#tangent -0.681881 -0.532482 -0.5015
#_#binormal 0.677235 -0.718651 -0.157777
vt 0.247428 0.177011
v -0.88414 -0.447215 -0.000952967
vn -0.894426 -0.447215 0
#_#tangent -0.290873 0.581743 -0.759584
#_#binormal 0.339698 -0.679392 -0.650409
vt 0.385797 0.179355
v -0.2661 -0.447215 -0.851593
vn -0.27639 -0.447218 -0.850649
#_#tangent -0.344537 0.872403 -0.346709
#_#binormal 0.897164 0.197254 -0.395207
vt 0.421582 0.282231
v 0.733885 -0.447215 -0.526673
vn 0.723607 -0.447217 -0.525727
#_#tangent -0.535835 0.11612 -0.836299
#_#binormal 0.435055 0.886856 -0.155609
vt 0.336045 0.371388
v 0.28667 0.447215 0.849687
vn 0.299552 0.245577 0.921933
#_#tangent 0.574231 -0.818094 0.0313394
#_#binormal 0.761924 0.520014 -0.386079
vt 0.026441 0.306013
v 0.28667 0.447215 0.849687
vn 0.299552 0.245577 0.921933
#_#tangent 0.574231 -0.818094 0.0313394
#_#binormal 0.761924 0.520014 -0.386079
vt 0.974294 0.51983
v -0.713315 0.447215 0.524767
vn -0.784245 0.245575 0.569784
#_#tangent 0.543749 0.714327 0.440538
#_#binormal -0.298826 0.655309 -0.693738
vt 0.40576 0.00976563
v -0.713315 0.447215 0.524767
vn -0.784245 0.245575 0.569784
#_#tangent 0.543749 0.714327 0.440538
#_#binormal -0.298826 0.655309 -0.693738
vt 0.636777 0.436993
v -0.713315 0.447215 -0.526673
vn -0.784245 0.245575 -0.569783
#_#tangent 0.351479 0.932613 -0.0818187
#_#binormal 0.511295 -0.264433 -0.817712
vt 0.565596 0.19559
v -0.713315 0.447215 -0.526673
vn -0.784245 0.245575 -0.569783
#_#tangent 0.351479 0.932613 -0.0818187
#_#binormal 0.511295 -0.264433 -0.817712
vt 0.499348 0.733542
v 0.28667 0.447215 -0.851593
vn 0.299552 0.245577 -0.921933
#_#tangent -0.333659 0.932253 0.139914
#_#binormal 0.893835 0.265699 0.361197
vt 0.522994 0.483832
v 0.28667 0.447215 -0.851593
vn 0.299552 0.245577 -0.921933
#_#tangent -0.333659 0.932253 0.139914
#_#binormal 0.893835 0.265699 0.361197
vt 0.660589 0.923781
v 0.90471 0.447215 -0.000952967
vn 0.969378 0.245573 0
#_#tangent 0.195919 -0.773374 -0.602916
#_#binormal -0.14806 0.584454 -0.797805
vt 0.192912 0.544895
v 0.90471 0.447215 -0.000952967
vn 0.969378 0.245573 0
#_#tangent 0.195919 -0.773374 -0.602916
#_#binormal -0.14806 0.584454 -0.797805
vt 0.909688 0.864123
v 0.0102853 3.11834 -0.000952967
vn -1.27749e-005 1 0
#_#tangent 0.797465 1.01875e-005 0.603366
#_#binormal 0.603366 7.70791e-006 -0.797465
vt 0.730752 0.709323
v 0.435608 -0.850654 0.308058
vn 0.425328 -0.85065 0.309016
#_#tangent -0.36266 -0.47302 -0.802951
#_#binormal 0.829201 0.229449 -0.509685
vt 0.276664 0.285302
v -0.15217 -0.850654 0.499042
vn -0.162459 -0.85065 0.500002
#_#tangent -0.560768 -0.337348 -0.756132
#_#binormal 0.811878 -0.403225 -0.422212
vt 0.289483 0.222082
v 0.273154 -0.525738 0.808059
vn 0.262868 -0.525735 0.809014
#_#tangent -0.256535 -0.846404 -0.466679
#_#binormal 0.930102 -0.0848651 -0.357362
vt 0.222491 0.248925
v 0.435608 -0.850654 -0.309964
vn 0.425328 -0.85065 -0.309016
#_#tangent -0.492384 0.0689946 -0.867639
#_#binormal 0.759378 0.521186 -0.389501
vt 0.327633 0.305858
v 0.860933 -0.525736 -0.000952967
vn 0.850649 -0.525734 0
#_#tangent -0.256089 -0.414357 -0.873342
#_#binormal 0.459146 0.742908 -0.487107
vt 0.276651 0.355975
v -0.515445 -0.850652 -0.000952967
vn -0.52573 -0.850652 0
#_#tangent -0.494734 0.305761 -0.813479
#_#binormal 0.691988 -0.42767 -0.581594
vt 0.351322 0.212931
v -0.677904 -0.525736 0.499044
vn -0.688186 -0.525734 0.500003
#_#tangent -0.615671 0.058548 -0.785825
#_#binormal 0.383861 -0.848632 -0.363971
vt 0.320598 0.164557
v -0.15217 -0.850654 -0.500948
vn -0.162459 -0.85065 -0.500002
#_#tangent -0.475384 0.511522 -0.71579
#_#binormal 0.864648 0.121406 -0.487487
vt 0.369399 0.234176
v -0.677904 -0.525736 -0.50095
vn -0.688186 -0.525734 -0.500003
#_#tangent -0.232797 0.812719 -0.534129
#_#binormal 0.687172 -0.25118 -0.681691
vt 0.409552 0.225373
v 0.273154 -0.525738 -0.809965
vn 0.262868 -0.525735 -0.809014
#_#tangent -0.524968 0.625584 -0.577108
#_#binormal 0.809512 0.576409 -0.111548
vt 0.387477 0.329809
v 0.961343 0 -0.309966
vn 0.958973 -0.0311728 -0.281779
#_#tangent -0.283442 -0.125241 -0.950776
#_#binormal -0.00565204 0.991636 -0.128939
vt 0.277207 0.444695
v 0.961343 0 0.30806
vn 0.958973 -0.0311728 0.281779
#_#tangent 0.178348 -0.706276 -0.685103
#_#binormal 0.220371 0.70725 -0.67174
vt 0.211873 0.413157
v 0.598071 0 0.808064
vn 0.564326 -0.0311684 0.824963
#_#tangent 0.29071 -0.927777 -0.233916
#_#binormal 0.772673 0.37183 -0.514508
vt 0.14281 0.311088
v 0.0102853 0 0.999047
vn 0.0283533 -0.0311685 0.999112
#_#tangent 0.327397 -0.944092 -0.0387432
#_#binormal 0.944461 0.328205 -0.0165637
vt 0.132405 0.178662
v 0.0102853 0 0.999047
vn 0.0283533 -0.0311685 0.999112
#_#tangent 0.327397 -0.944092 -0.0387432
#_#binormal 0.944461 0.328205 -0.0165637
vt 0.988817 0.243203
v -0.5775 0 0.808064
vn -0.610202 -0.0311693 0.791632
#_#tangent -0.164979 -0.972321 -0.165452
#_#binormal -0.774877 0.231562 -0.58817
vt 0.272165 0.0708236
v -0.5775 0 0.808064
vn -0.610202 -0.0311693 0.791632
#_#tangent -0.164979 -0.972321 -0.165452
#_#binormal -0.774877 0.231562 -0.58817
vt 0.742798 0.227425
v -0.940773 0 0.30806
vn -0.94145 -0.031164 0.33571
#_#tangent -0.289977 0.582825 -0.759097
#_#binormal -0.172004 -0.812 -0.557738
vt 0.387736 0.108149
v -0.940773 0 -0.309966
vn -0.94145 -0.031164 -0.335709
#_#tangent 0.149388 0.854083 -0.498222
#_#binormal 0.30225 -0.519202 -0.799421
vt 0.459774 0.185766
v -0.5775 0 -0.80997
vn -0.610202 -0.0311693 -0.791632
#_#tangent -0.00444011 0.999345 -0.0359252
#_#binormal 0.792233 -0.0184067 -0.609941
vt 0.480959 0.254216
v 0.0102853 0 -1.00095
vn 0.0283533 -0.0311685 -0.999112
#_#tangent -0.36949 0.928397 -0.0394481
#_#binormal 0.928802 0.370281 0.0148067
vt 0.460523 0.367577
v 0.598071 0 -0.80997
vn 0.564326 -0.0311684 -0.824963
#_#tangent -0.731771 0.443699 -0.517341
#_#binormal 0.38216 0.895633 0.227583
vt 0.411256 0.420605
v 0.698475 0.939349 0.499044
vn 0.766477 0.319985 0.556886
#_#tangent 0.433757 -0.897346 -0.0813938
#_#binormal 0.473675 0.303939 -0.826591
vt 0.00976563 0.490918
v 0.698475 0.939349 0.499044
vn 0.766477 0.319985 0.556886
#_#tangent 0.433757 -0.897346 -0.0813938
#_#binormal 0.473675 0.303939 -0.826591
vt 0.902926 0.726349
v -0.252584 0.93935 0.808059
vn -0.292773 0.319986 0.901051
#_#tangent 0.879796 -0.27892 0.384918
#_#binormal 0.37449 0.905435 -0.199863
vt 0.78957 0.519722
v -0.840363 0.939349 -0.000952967
vn -0.947423 0.319985 0
#_#tangent 0.314935 0.93247 -0.176963
#_#binormal -0.0566255 -0.167659 -0.984218
vt 0.560894 0.0348629
v -0.840363 0.939349 -0.000952967
vn -0.947423 0.319985 0
#_#tangent 0.314935 0.93247 -0.176963
#_#binormal -0.0566255 -0.167659 -0.984218
vt 0.581599 0.630636
v -0.252584 0.93935 -0.809965
vn -0.292773 0.319986 -0.901051
#_#tangent 0.280028 0.929719 0.239179
#_#binormal 0.914258 -0.182295 -0.361802
vt 0.664812 0.354077
v -0.252584 0.93935 -0.809965
vn -0.292773 0.319986 -0.901051
#_#tangent 0.280028 0.929719 0.239179
#_#binormal 0.914258 -0.182295 -0.361802
vt 0.607332 0.816993
v 0.698475 0.939349 -0.50095
vn 0.766477 0.319985 -0.556886
#_#tangent -0.605144 0.069269 -0.793096
#_#binormal -0.215204 0.944887 0.24673
vt 0.386269 0.721286
v 0.698475 0.939349 -0.50095
vn 0.766477 0.319985 -0.556886
#_#tangent -0.605144 0.069269 -0.793096
#_#binormal -0.215204 0.944887 0.24673
vt 0.766041 0.868875
v 0.536015 1.57083 -0.000952967
vn 0.903958 0.427622 -1.12352e-008
#_#tangent 0.291962 -0.617184 0.730645
#_#binormal 0.31244 -0.660472 -0.682757
vt 0.780627 0.749293
v 0.172741 1.57084 0.499042
vn 0.279335 0.427619 0.859717
#_#tangent 0.660821 -0.735202 0.150975
#_#binormal 0.696625 0.525947 -0.487947
vt 0.786417 0.666289
v -0.415037 1.57084 0.308058
vn -0.73132 0.427619 0.531332
#_#tangent 0.663786 0.267246 0.698547
#_#binormal 0.156715 0.863552 -0.47929
vt 0.70987 0.644177
v -0.415037 1.57084 -0.309964
vn -0.73132 0.427619 -0.531332
#_#tangent 0.402116 0.899571 0.170512
#_#binormal 0.550885 -0.0889581 -0.829827
vt 0.666705 0.714367
v 0.172741 1.57084 -0.500948
vn 0.279335 0.427619 -0.859717
#_#tangent 0.87411 0.257291 0.411987
#_#binormal 0.397371 -0.86657 -0.301916
vt 0.710139 0.77249
#faces 80
f 20/20/20 18/18/18 2/2/2
f 18/18/18 20/20/20 19/19/19
f 3/3/3 19/19/19 20/20/20
f 19/19/19 1/1/1 18/18/18
f 22/22/22 2/2/2 18/18/18
f 18/18/18 21/21/21 22/22/22
f 6/6/6 22/22/22 21/21/21
f 18/18/18 1/1/1 21/21/21
f 24/24/24 19/19/19 3/3/3
f 19/19/19 24/24/24 23/23/23
f 4/4/4 23/23/23 24/24/24
f 23/23/23 1/1/1 19/19/19
f 26/26/26 23/23/23 4/4/4
f 23/23/23 26/26/26 25/25/25
f 5/5/5 25/25/25 26/26/26
f 25/25/25 1/1/1 23/23/23
f 27/27/27 25/25/25 5/5/5
f 25/25/25 27/27/27 21/21/21
f 6/6/6 21/21/21 27/27/27
f 21/21/21 1/1/1 25/25/25
f 29/29/29 2/2/2 22/22/22
f 22/22/22 28/28/28 29/29/29
f 15/15/15 29/29/29 28/28/28
f 28/28/28 22/22/22 6/6/6
f 31/31/31 3/3/3 20/20/20
f 20/20/20 30/30/30 31/31/31
f 7/7/7 31/31/31 30/30/30
f 30/30/30 20/20/20 2/2/2
f 35/35/35 4/4/4 24/24/24
f 24/24/24 33/33/33 35/35/35
f 9/9/9 35/35/35 33/33/33
f 33/33/33 24/24/24 3/3/3
f 37/37/37 5/5/5 26/26/26
f 26/26/26 36/36/36 37/37/37
f 11/11/11 37/37/37 36/36/36
f 36/36/36 26/26/26 4/4/4
f 39/39/39 6/6/6 27/27/27
f 27/27/27 38/38/38 39/39/39
f 13/13/13 39/39/39 38/38/38
f 38/38/38 27/27/27 5/5/5
f 40/40/40 29/29/29 15/15/15
f 29/29/29 40/40/40 30/30/30
f 7/7/7 30/30/30 40/40/40
f 30/30/30 2/2/2 29/29/29
f 42/42/42 32/32/32 8/8/8
f 32/32/32 42/42/42 34/34/34
f 10/10/10 34/34/34 42/42/42
f 33/33/33 3/3/3 31/31/31
f 43/43/43 35/35/35 9/9/9
f 35/35/35 43/43/43 36/36/36
f 11/11/11 36/36/36 43/43/43
f 36/36/36 4/4/4 35/35/35
f 45/45/45 37/37/37 11/11/11
f 37/37/37 45/45/45 38/38/38
f 13/13/13 38/38/38 45/45/45
f 38/38/38 5/5/5 37/37/37
f 47/47/47 39/39/39 13/13/13
f 39/39/39 47/47/47 28/28/28
f 15/15/15 28/28/28 47/47/47
f 28/28/28 6/6/6 39/39/39
f 50/50/50 8/8/8 41/41/41
f 41/41/41 49/49/49 50/50/50
f 17/17/17 50/50/50 49/49/49
f 49/49/49 41/41/41 16/16/16
f 51/51/51 10/10/10 42/42/42
f 42/42/42 50/50/50 51/51/51
f 17/17/17 51/51/51 50/50/50
f 50/50/50 42/42/42 8/8/8
f 52/52/52 12/12/12 44/44/44
f 44/44/44 51/51/51 52/52/52
f 17/17/17 52/52/52 51/51/51
f 51/51/51 44/44/44 10/10/10
f 53/53/53 14/14/14 46/46/46
f 46/46/46 52/52/52 53/53/53
f 17/17/17 53/53/53 52/52/52
f 52/52/52 46/46/46 12/12/12
f 49/49/49 16/16/16 48/48/48
f 48/48/48 53/53/53 49/49/49
f 17/17/17 49/49/49 53/53/53
f 53/53/53 48/48/48 14/14/14
