v 0.014161 -0.382102 -0.0176006
vn 0.360315 -0.930476 0.0662367
#_#tangent 0.471571 0.242954 0.8477
#_#binormal -0.804857 -0.274204 0.526325
vt 0.32085 0.82959
v 0.535349 -0.0174261 0.574267
vn 0.856956 0.342562 0.385067
#_#tangent -0.149412 0.88018 -0.45051
#_#binormal -0.493256 0.328534 0.805459
vt 0.317005 0.551334
v 0.535349 -0.0174261 0.574267
vn 0.856956 0.342562 0.385067
#_#tangent -0.149412 0.88018 -0.45051
#_#binormal -0.493256 0.328534 0.805459
vt 0.714572 0.876157
v 0.535349 -0.0174261 0.574267
vn 0.856956 0.342562 0.385067
#_#tangent -0.149412 0.88018 -0.45051
#_#binormal -0.493256 0.328534 0.805459
vt 0.698454 0.76848
v -0.17281 -0.0169244 0.56124
vn -0.560545 -0.809398 0.17511
#_#tangent 0.354536 -0.425649 -0.832543
#_#binormal 0.748394 -0.404595 0.525556
vt 0.888227 0.620534
v -0.584912 -0.0197528 -0.0117777
vn -0.00745173 -0.884866 0.465786
#_#tangent 0.679737 -0.346117 -0.646653
#_#binormal 0.733418 0.311793 0.604056
vt 0.938247 0.443392
v -0.200873 -0.0156455 -0.554883
vn -0.250978 -0.322542 -0.912676
#_#tangent 0.610163 -0.78467 0.109516
#_#binormal -0.751473 -0.529395 0.393738
vt 0.145538 0.732441
v 0.468501 -0.0298931 -0.34978
vn 0.914908 0.0266723 -0.402781
#_#tangent 0.387008 0.225708 0.894025
#_#binormal 0.114757 -0.97383 0.19618
vt 0.293038 0.481717
v 0.468501 -0.0298931 -0.34978
vn 0.914908 0.0266723 -0.402781
#_#tangent 0.387008 0.225708 0.894025
#_#binormal 0.114757 -0.97383 0.19618
vt 0.778287 0.886501
v 0.468501 -0.0298931 -0.34978
vn 0.914908 0.0266723 -0.402781
#_#tangent 0.387008 0.225708 0.894025
#_#binormal 0.114757 -0.97383 0.19618
vt 0.0138627 0.809651
v 0.165964 0.565806 0.566948
vn -0.131126 0.264197 0.955513
#_#tangent -0.773668 0.575389 -0.265265
#_#binormal -0.619874 -0.774033 0.128952
vt 0.423077 0.546174
v -0.49816 0.622093 0.264768
vn -0.2342 0.417063 0.878185
#_#tangent -0.891961 0.267146 -0.364745
#_#binormal -0.386725 -0.86873 0.309438
vt 0.534539 0.562121
v -0.471967 0.582609 -0.337537
vn -0.669045 0.152944 -0.727314
#_#tangent -0.282977 -0.95731 0.058997
#_#binormal -0.687242 0.245285 0.683764
vt 0.630961 0.380221
v 0.190849 0.585765 -0.549692
vn 0.259184 0.396922 -0.880498
#_#tangent -0.519824 0.825674 0.219192
#_#binormal 0.814007 0.400892 0.420331
vt 0.37516 0.328724
v 0.584864 0.58148 0.014212
vn 0.494723 0.805508 0.326199
#_#tangent -0.815777 0.288318 0.501378
#_#binormal 0.309735 -0.514313 0.799717
vt 0.370302 0.473305
v 0.0932799 1.22237 -0.0103379
vn -0.471764 0.847555 0.243082
#_#tangent -0.880432 -0.46774 -0.0778349
#_#binormal 0.0477297 -0.250737 0.966878
vt 0.460376 0.463134
v 0.351919 -0.212539 0.360221
vn -0.05249 -0.997308 0.0511957
#_#tangent 0.414592 0.0248761 0.909667
#_#binormal -0.908492 0.0689737 0.41217
vt 0.465654 0.783326
v -0.100221 -0.28515 0.326273
vn -0.415857 -0.811616 0.410295
#_#tangent 0.0571949 0.426922 0.902478
#_#binormal -0.90763 0.398769 -0.131118
vt 0.416028 0.878233
v 0.172662 -0.14846 0.678123
vn -0.31591 -0.248671 0.915622
#_#tangent -0.941851 0.198688 -0.270998
#_#binormal -0.114534 -0.94799 -0.296979
vt 0.339686 0.610307
v 0.172662 -0.14846 0.678123
vn -0.31591 -0.248671 0.915622
#_#tangent -0.941851 0.198688 -0.270998
#_#binormal -0.114534 -0.94799 -0.296979
vt 0.677823 0.821289
v 0.172662 -0.14846 0.678123
vn -0.31591 -0.248671 0.915622
#_#tangent -0.941851 0.198688 -0.270998
#_#binormal -0.114534 -0.94799 -0.296979
vt 0.0292969 0.745507
v 0.242993 -0.437863 -0.211655
vn -0.05249 -0.997308 0.0511957
#_#tangent 0.470938 -0.00564844 0.882148
#_#binormal -0.877202 0.102945 0.468956
vt 0.316257 0.729472
v 0.557032 -0.0777368 0.0150297
vn 0.816716 -0.542625 -0.196295
#_#tangent 0.573182 0.723607 0.384519
#_#binormal -0.0666095 -0.426556 0.902005
vt 0.319025 0.487159
v 0.557032 -0.0777368 0.0150297
vn 0.816716 -0.542625 -0.196295
#_#tangent 0.573182 0.723607 0.384519
#_#binormal -0.0666095 -0.426556 0.902005
vt 0.917969 0.849822
v 0.557032 -0.0777368 0.0150297
vn 0.816716 -0.542625 -0.196295
#_#tangent 0.573182 0.723607 0.384519
#_#binormal -0.0666095 -0.426556 0.902005
vt 0.0664063 0.790039
v -0.594616 -0.607663 -0.114373
vn -0.882042 -0.252167 0.398012
#_#tangent 0.366088 -0.898565 0.241994
#_#binormal 0.296616 0.359156 0.884887
vt 0.970848 0.443767
v -0.444629 -0.0725536 0.33252
vn -0.640287 -0.727523 0.246461
#_#tangent 0.432896 -0.606816 -0.666615
#_#binormal 0.634534 -0.320133 0.703478
vt 0.92377 0.495143
v -0.0927356 -0.289002 -0.323987
vn -0.0513701 -0.943089 -0.328548
#_#tangent 0.746161 -0.254906 0.615034
#_#binormal -0.663781 -0.213556 0.716791
vt 0.220636 0.790811
v -0.485075 -0.0754959 -0.347662
vn -0.677083 -0.650311 -0.344462
#_#tangent 0.735799 -0.606269 -0.301726
#_#binormal -0.0126211 -0.457749 0.888992
vt 0.950215 0.437505
v 0.185319 -0.0757649 -0.525483
vn 0.0640262 -0.211358 -0.975309
#_#tangent 0.477902 -0.851469 0.215894
#_#binormal -0.876077 -0.479925 0.0464921
vt 0.199203 0.678128
v 0.983253 0.561725 -0.0161573
vn 0.69819 0.102732 -0.708503
#_#tangent 0.25035 0.904527 0.34519
#_#binormal 0.685778 -0.417353 0.596259
vt 0.357689 0.473795
v 0.62952 0.290024 0.196932
vn 0.502321 0.183015 0.845091
#_#tangent -0.34096 0.940077 -0.000919435
#_#binormal -0.794619 -0.28768 0.534621
vt 0.356092 0.494618
v 0.385991 0.260083 0.533403
vn 0.576985 0.098656 0.810775
#_#tangent -0.389428 0.905806 0.166916
#_#binormal -0.717938 -0.412046 0.561056
vt 0.369702 0.545868
v -0.281489 0.201676 0.945352
vn 0.37924 0.456525 0.804836
#_#tangent -0.629566 0.764749 -0.137134
#_#binormal -0.678103 -0.45469 0.577436
vt 0.426846 0.65631
v -0.281489 0.201676 0.945352
vn 0.37924 0.456525 0.804836
#_#tangent -0.629566 0.764749 -0.137134
#_#binormal -0.678103 -0.45469 0.577436
vt 0.988541 0.880529
v -0.281489 0.201676 0.945352
vn 0.37924 0.456525 0.804836
#_#tangent -0.629566 0.764749 -0.137134
#_#binormal -0.678103 -0.45469 0.577436
vt 0.0176751 0.554085
v -0.380738 0.294251 0.534023
vn -0.932077 -0.0170843 0.361857
#_#tangent -0.345437 -0.258942 -0.90201
#_#binormal 0.10911 -0.965742 0.235453
vt 0.488803 0.624228
v -0.380738 0.294251 0.534023
vn -0.932077 -0.0170843 0.361857
#_#tangent -0.345437 -0.258942 -0.90201
#_#binormal 0.10911 -0.965742 0.235453
vt 0.817709 0.448306
v -0.620476 0.280597 0.209677
vn -0.640019 -0.0730685 0.764877
#_#tangent -0.765214 -0.0293605 -0.643106
#_#binormal 0.0694479 -0.996895 -0.0371218
vt 0.927043 0.435673
v -1.07958 0.0924292 0.0438574
vn -0.863796 0.206405 -0.459624
#_#tangent 0.365434 -0.371363 -0.85355
#_#binormal -0.346864 -0.905255 0.245354
vt 0.935331 0.437512
v -0.421742 0.234733 -0.534718
vn -0.741968 0.0844593 -0.665094
#_#tangent -0.48966 -0.745887 0.451537
#_#binormal -0.457949 0.660696 0.59478
vt 0.750619 0.183004
v 0.113863 0.420845 -0.933024
vn 0.631701 -0.247141 -0.734762
#_#tangent 0.0853007 0.964225 -0.250987
#_#binormal 0.770504 0.0958729 0.630183
vt 0.332668 0.00976563
v 0.113863 0.420845 -0.933024
vn 0.631701 -0.247141 -0.734762
#_#tangent 0.0853007 0.964225 -0.250987
#_#binormal 0.770504 0.0958729 0.630183
vt 0.989043 0.667969
v 0.3499 0.353797 -0.5125
vn 0.71695 0.0184118 -0.696882
#_#tangent 0.465258 0.779061 0.420236
#_#binormal 0.542041 -0.626078 0.560552
vt 0.30673 0.367749
v 0.534612 0.761072 0.536976
vn 0.910992 0.270822 0.311045
#_#tangent -0.343216 0.916014 0.207655
#_#binormal -0.228685 -0.295927 0.927432
vt 0.409309 0.521174
v -0.174978 0.611826 0.535903
vn -0.240503 0.529322 0.813619
#_#tangent -0.865341 0.262794 -0.42676
#_#binormal -0.439708 -0.806695 0.394842
vt 0.466004 0.566002
v -0.875049 0.911583 0.220675
vn -0.947878 0.0866893 -0.306615
#_#tangent -0.186362 -0.931357 0.3128
#_#binormal -0.258452 0.353638 0.898968
vt 0.607516 0.523997
v -0.164622 0.607564 -0.543761
vn -0.405008 0.549193 -0.730996
#_#tangent -0.909447 -0.324357 0.260191
#_#binormal -0.0942083 0.770182 0.630829
vt 0.51718 0.267463
v 0.413362 0.672731 -0.314541
vn 0.686118 0.516474 -0.512344
#_#tangent -0.448332 0.854818 0.261314
#_#binormal 0.572923 0.0504086 0.818058
vt 0.377167 0.42168
v 0.346998 0.835328 -0.00454932
vn 0.764127 0.645008 -0.00861676
#_#tangent -0.592044 0.70656 0.38763
#_#binormal 0.256113 -0.291097 0.921775
vt 0.422825 0.471106
v 0.100451 0.906857 0.231221
vn -0.0972183 0.897805 0.429529
#_#tangent -0.916372 0.0876495 -0.390614
#_#binormal -0.388343 -0.431584 0.814202
vt 0.451831 0.508423
v -0.234754 0.915924 0.110047
vn -0.00392128 0.863424 0.504463
#_#tangent -0.965332 0.128396 -0.227263
#_#binormal -0.260996 -0.487866 0.832988
vt 0.521355 0.489945
v -0.282382 0.834442 -0.197831
vn -0.281883 0.925229 -0.253953
#_#tangent -0.957188 -0.289349 0.00827081
#_#binormal -0.0658289 0.245413 0.967181
vt 0.540624 0.427513
v 0.103974 0.846112 -0.312885
vn 0.539194 0.545991 -0.64122
#_#tangent -0.773902 0.621534 -0.121536
#_#binormal 0.332182 0.561774 0.757671
vt 0.44659 0.40942
v 0.123814 -0.312362 0.0722948
vn 0.0301582 -0.959302 0.280769
#_#tangent 0.401002 0.268912 0.875719
#_#binormal -0.915581 0.0861788 0.392792
vt 0.37067 0.805529
v 0.450284 -0.384649 0.717709
vn 0.456078 -0.819646 0.346661
#_#tangent 0.30319 0.509336 0.80539
#_#binormal -0.836701 -0.262217 0.480805
vt 0.571653 0.779881
v 0.450284 -0.384649 0.717709
vn 0.456078 -0.819646 0.346661
#_#tangent 0.30319 0.509336 0.80539
#_#binormal -0.836701 -0.262217 0.480805
vt 0.00976563 0.563477
v 0.450284 -0.384649 0.717709
vn 0.456078 -0.819646 0.346661
#_#tangent 0.30319 0.509336 0.80539
#_#binormal -0.836701 -0.262217 0.480805
vt 0.734927 0.777344
v 0.450284 -0.384649 0.717709
vn 0.456078 -0.819646 0.346661
#_#tangent 0.30319 0.509336 0.80539
#_#binormal -0.836701 -0.262217 0.480805
vt 0.621094 0.833239
v -0.114352 -0.133333 0.433484
vn -0.496277 -0.761067 0.417715
#_#tangent 0.515055 -0.604092 -0.608105
#_#binormal 0.698312 -0.115688 0.706383
vt 0.445695 0.895478
v -0.114352 -0.133333 0.433484
vn -0.496277 -0.761067 0.417715
#_#tangent 0.515055 -0.604092 -0.608105
#_#binormal 0.698312 -0.115688 0.706383
vt 0.97944 0.633216
v -0.0292005 -0.311711 0.173989
vn -0.0429477 -0.916074 0.398702
#_#tangent 0.2913 0.370249 0.882077
#_#binormal -0.955667 0.154025 0.250951
vt 0.375699 0.865242
v -0.0194801 -0.127008 0.691415
vn -0.189506 -0.849775 0.491904
#_#tangent 0.451795 -0.520264 -0.724712
#_#binormal 0.871762 0.0849027 0.482517
vt 0.358278 0.631223
v -0.0194801 -0.127008 0.691415
vn -0.189506 -0.849775 0.491904
#_#tangent 0.451795 -0.520264 -0.724712
#_#binormal 0.871762 0.0849027 0.482517
vt 0.477207 0.893456
v -0.0194801 -0.127008 0.691415
vn -0.189506 -0.849775 0.491904
#_#tangent 0.451795 -0.520264 -0.724712
#_#binormal 0.871762 0.0849027 0.482517
vt 0.884731 0.738528
v 0.325057 -0.19965 0.754217
vn 0.0600362 0.113018 0.991778
#_#tangent -0.288336 0.95318 -0.0911651
#_#binormal -0.955645 -0.280492 0.0898124
vt 0.317188 0.59907
v 0.325057 -0.19965 0.754217
vn 0.0600362 0.113018 0.991778
#_#tangent -0.288336 0.95318 -0.0911651
#_#binormal -0.955645 -0.280492 0.0898124
vt 0.600788 0.840902
v 0.325057 -0.19965 0.754217
vn 0.0600362 0.113018 0.991778
#_#tangent -0.288336 0.95318 -0.0911651
#_#binormal -0.955645 -0.280492 0.0898124
vt 0.636719 0.838315
v 0.325057 -0.19965 0.754217
vn 0.0600362 0.113018 0.991778
#_#tangent -0.288336 0.95318 -0.0911651
#_#binormal -0.955645 -0.280492 0.0898124
vt 0.68285 0.799574
v 0.45989 -0.370555 -0.402362
vn 0.818067 -0.569942 -0.0770268
#_#tangent 0.28967 0.292617 0.911299
#_#binormal -0.496848 -0.767816 0.404476
vt 0.304211 0.660409
v 0.45989 -0.370555 -0.402362
vn 0.818067 -0.569942 -0.0770268
#_#tangent 0.28967 0.292617 0.911299
#_#binormal -0.496848 -0.767816 0.404476
vt 0.740234 0.809097
v 0.45989 -0.370555 -0.402362
vn 0.818067 -0.569942 -0.0770268
#_#tangent 0.28967 0.292617 0.911299
#_#binormal -0.496848 -0.767816 0.404476
vt 0.0468696 0.889337
v 0.152889 -0.340366 -0.12964
vn -0.275577 -0.961255 -0.00674909
#_#tangent 0.481977 -0.144243 0.864229
#_#binormal -0.831719 0.234909 0.503053
vt 0.316169 0.770269
v 0.509013 -0.0190454 -0.146037
vn 0.897025 -0.372337 -0.238141
#_#tangent 0.373346 0.349955 0.859153
#_#binormal -0.236556 -0.859591 0.452929
vt 0.316166 0.479926
v 0.509013 -0.0190454 -0.146037
vn 0.897025 -0.372337 -0.238141
#_#tangent 0.373346 0.349955 0.859153
#_#binormal -0.236556 -0.859591 0.452929
vt 0.405484 0.644732
v 0.509013 -0.0190454 -0.146037
vn 0.897025 -0.372337 -0.238141
#_#tangent 0.373346 0.349955 0.859153
#_#binormal -0.236556 -0.859591 0.452929
vt 0.0568103 0.780273
v 0.489662 -0.203331 0.181926
vn 0.9043 -0.419269 0.0803453
#_#tangent 0.305423 0.766911 0.564415
#_#binormal -0.29826 -0.485861 0.821572
vt 0.309015 0.5024
v 0.489662 -0.203331 0.181926
vn 0.9043 -0.419269 0.0803453
#_#tangent 0.305423 0.766911 0.564415
#_#binormal -0.29826 -0.485861 0.821572
vt 0.00976563 0.705309
v 0.489662 -0.203331 0.181926
vn 0.9043 -0.419269 0.0803453
#_#tangent 0.305423 0.766911 0.564415
#_#binormal -0.29826 -0.485861 0.821572
vt 0.621094 0.691406
v 0.489662 -0.203331 0.181926
vn 0.9043 -0.419269 0.0803453
#_#tangent 0.305423 0.766911 0.564415
#_#binormal -0.29826 -0.485861 0.821572
vt 0.0933849 0.837852
v -0.417407 -0.0714791 -0.0667771
vn -0.758473 -0.556525 0.339115
#_#tangent 0.596328 -0.802568 0.0166591
#_#binormal 0.262892 0.214859 0.940597
vt 0.952421 0.455051
v -0.388359 -0.636977 -0.101185
vn 0.175365 -0.925919 0.334546
#_#tangent 0.50309 0.376374 0.777973
#_#binormal -0.846255 0.031878 0.531824
vt 0.22904 0.939828
v -0.388359 -0.636977 -0.101185
vn 0.175365 -0.925919 0.334546
#_#tangent 0.50309 0.376374 0.777973
#_#binormal -0.846255 0.031878 0.531824
vt 0.97526 0.449118
v -0.325743 -0.0334307 0.453592
vn -0.496277 -0.761067 0.417715
#_#tangent 0.220711 -0.575943 -0.787132
#_#binormal 0.83964 -0.298441 0.453803
vt 0.471478 0.928724
v -0.325743 -0.0334307 0.453592
vn -0.496277 -0.761067 0.417715
#_#tangent 0.220711 -0.575943 -0.787132
#_#binormal 0.83964 -0.298441 0.453803
vt 0.916529 0.533025
v -0.468003 0.0627499 0.066054
vn -0.539814 -0.78913 0.293043
#_#tangent 0.48922 -0.577396 -0.653665
#_#binormal 0.685028 -0.209495 0.697745
vt 0.937061 0.453679
v -0.144653 -0.290685 -0.441856
vn -0.371253 -0.821943 -0.43195
#_#tangent 0.758363 -0.536834 0.369723
#_#binormal -0.535777 -0.190314 0.822632
vt 0.196709 0.762954
v -0.00172984 -0.321253 -0.189968
vn 0.270485 -0.901147 -0.338779
#_#tangent 0.577929 -0.129448 0.805755
#_#binormal -0.769959 -0.413735 0.485785
vt 0.272292 0.79682
v -0.349332 -0.0625774 -0.470255
vn -0.553846 -0.523237 -0.647671
#_#tangent 0.687115 -0.726549 -0.00061481
#_#binormal -0.470243 -0.445364 0.76192
vt 0.135349 0.761991
v -0.349332 -0.0625774 -0.470255
vn -0.553846 -0.523237 -0.647671
#_#tangent 0.687115 -0.726549 -0.00061481
#_#binormal -0.470243 -0.445364 0.76192
vt 0.956251 0.431708
v -0.534712 -0.00925326 -0.16379
vn -0.520827 -0.850386 -0.0747182
#_#tangent 0.838675 -0.493392 -0.230626
#_#binormal 0.159255 -0.18278 0.97017
vt 0.942176 0.440863
v -0.0198691 -0.180835 -0.520056
vn 0.0807023 -0.423075 -0.902493
#_#tangent 0.586225 -0.712139 0.386261
#_#binormal -0.806119 -0.560236 0.190546
vt 0.19297 0.726279
v 0.430107 -0.291236 -0.529083
vn 0.536957 -0.0499769 -0.842128
#_#tangent 0.547857 -0.738436 0.393147
#_#binormal -0.641506 -0.672469 -0.369128
vt 0.259968 0.535526
v 0.430107 -0.291236 -0.529083
vn 0.536957 -0.0499769 -0.842128
#_#tangent 0.547857 -0.738436 0.393147
#_#binormal -0.641506 -0.672469 -0.369128
vt 0.265962 0.64902
v 0.430107 -0.291236 -0.529083
vn 0.536957 -0.0499769 -0.842128
#_#tangent 0.547857 -0.738436 0.393147
#_#binormal -0.641506 -0.672469 -0.369128
vt 0.778287 0.806641
v 0.945469 0.685253 0.0735812
vn 0.0659914 0.997802 0.00603917
#_#tangent -0.567813 0.0325751 0.822513
#_#binormal 0.820508 -0.0577079 0.568715
vt 0.364301 0.47729
v 0.530768 0.141322 -0.272111
vn 0.744428 -0.205578 -0.635267
#_#tangent 0.637367 0.502307 0.584338
#_#binormal 0.198972 -0.839896 0.50496
vt 0.318562 0.460678
v 0.55243 0.452235 0.108638
vn 0.468108 0.543286 0.696933
#_#tangent -0.786404 0.615835 0.0481362
#_#binormal -0.403043 -0.570603 0.715519
vt 0.367357 0.488961
v 0.510343 0.000280701 0.25971
vn 0.819181 -0.010884 0.573431
#_#tangent -0.0301211 0.997624 0.0619652
#_#binormal -0.572743 -0.0680331 0.816907
vt 0.329204 0.514036
v 0.269689 0.413896 0.53131
vn 0.257705 -0.235563 0.937069
#_#tangent -0.678734 0.646114 0.349081
#_#binormal -0.687684 -0.72598 0.00662248
vt 0.396724 0.54473
v 0.387978 0.122559 0.454884
vn 0.854461 0.170417 0.490769
#_#tangent -0.284764 0.943747 0.168081
#_#binormal -0.434517 -0.283372 0.854924
vt 0.347934 0.542854
v -0.36815 -0.0184809 1.04507
vn -0.200264 -0.742859 0.638792
#_#tangent 0.568501 -0.619119 -0.541755
#_#binormal 0.797936 0.25466 0.546303
vt 0.62731 0.687109
v -0.36815 -0.0184809 1.04507
vn -0.200264 -0.742859 0.638792
#_#tangent 0.568501 -0.619119 -0.541755
#_#binormal 0.797936 0.25466 0.546303
vt 0.987594 0.81631
v -0.36815 -0.0184809 1.04507
vn -0.200264 -0.742859 0.638792
#_#tangent 0.568501 -0.619119 -0.541755
#_#binormal 0.797936 0.25466 0.546303
vt 0.0659463 0.511719
v 0.0971134 0.408896 0.592305
vn 0.213241 0.148371 0.965668
#_#tangent -0.757385 0.649475 0.0674583
#_#binormal -0.617168 -0.745767 0.250868
vt 0.415322 0.569278
v -0.272736 0.0722405 0.672217
vn -0.817617 -0.575473 0.0182746
#_#tangent 0.257513 -0.393887 -0.882349
#_#binormal 0.514966 -0.716718 0.47024
vt 0.80653 0.586372
v -0.427433 0.443278 0.423729
vn -0.679083 0.271451 0.682026
#_#tangent -0.690334 0.0797218 -0.719085
#_#binormal -0.249569 -0.959145 0.133254
vt 0.506308 0.593983
v -0.427433 0.443278 0.423729
vn -0.679083 0.271451 0.682026
#_#tangent -0.690334 0.0797218 -0.719085
#_#binormal -0.249569 -0.959145 0.133254
vt 0.860553 0.395998
v -0.537122 0.44567 0.285351
vn -0.778826 0.0584981 0.624506
#_#tangent -0.589777 0.270639 -0.760866
#_#binormal -0.213525 -0.960902 -0.17628
vt 0.529179 0.590465
v -0.537122 0.44567 0.285351
vn -0.778826 0.0584981 0.624506
#_#tangent -0.589777 0.270639 -0.760866
#_#binormal -0.213525 -0.960902 -0.17628
vt 0.913845 0.411493
v -0.596312 0.137435 0.113264
vn -0.0915443 -0.698936 0.709301
#_#tangent -0.153728 -0.693834 -0.703536
#_#binormal 0.983864 -0.173444 -0.0439293
vt 0.931568 0.443581
v -0.544322 0.407106 -0.267872
vn -0.797058 0.278783 -0.535703
#_#tangent -0.292027 -0.954387 -0.0621686
#_#binormal -0.5286 0.106888 0.842115
vt 0.72895 0.403893
v -0.544322 0.407106 -0.267872
vn -0.797058 0.278783 -0.535703
#_#tangent -0.292027 -0.954387 -0.0621686
#_#binormal -0.5286 0.106888 0.842115
vt 0.939408 0.430145
v -1.03165 -0.0473876 0.163491
vn -0.246359 -0.952002 0.181659
#_#tangent 0.197054 -0.232723 -0.952371
#_#binormal 0.948935 -0.198828 0.244929
vt 0.934795 0.438677
v -0.302238 0.100307 -0.55147
vn -0.416546 -0.372742 -0.829188
#_#tangent -0.0128447 -0.909579 0.415332
#_#binormal -0.909024 0.183656 0.374093
vt 0.779629 0.0842684
v -0.302238 0.100307 -0.55147
vn -0.416546 -0.372742 -0.829188
#_#tangent -0.0128447 -0.909579 0.415332
#_#binormal -0.909024 0.183656 0.374093
vt 0.118413 0.73523
v -0.428144 0.412857 -0.401505
vn -0.652099 0.270922 -0.708073
#_#tangent -0.546635 -0.815175 0.191522
#_#binormal -0.525316 0.511949 0.67967
vt 0.699451 0.307285
v -0.428144 0.412857 -0.401505
vn -0.652099 0.270922 -0.708073
#_#tangent -0.546635 -0.815175 0.191522
#_#binormal -0.525316 0.511949 0.67967
vt 0.94267 0.428921
v -0.0860409 0.121936 -0.605481
vn -0.0357719 -0.497947 -0.86647
#_#tangent 0.98533 -0.162346 0.0526186
#_#binormal -0.166869 -0.851876 0.496449
vt 0.00976563 0.165749
v -0.0860409 0.121936 -0.605481
vn -0.0357719 -0.497947 -0.86647
#_#tangent 0.98533 -0.162346 0.0526186
#_#binormal -0.166869 -0.851876 0.496449
vt 0.135595 0.700785
v -0.0860409 0.121936 -0.605481
vn -0.0357719 -0.497947 -0.86647
#_#tangent 0.98533 -0.162346 0.0526186
#_#binormal -0.166869 -0.851876 0.496449
vt 0.984092 0.789541
v 0.094688 0.40986 -0.574554
vn 0.667558 0.400853 -0.627442
#_#tangent -0.442613 0.891286 0.0985035
#_#binormal 0.598716 0.211957 0.772408
vt 0.320613 0.258186
v 0.289643 0.399087 -0.54328
vn 0.495688 0.177285 -0.850214
#_#tangent 0.0929752 0.962487 0.254901
#_#binormal 0.86351 -0.2054 0.46061
vt 0.30045 0.341358
v 0.36284 0.183602 -0.403292
vn 0.71695 0.0184118 -0.696882
#_#tangent 0.618022 0.445723 0.647595
#_#binormal 0.32254 -0.894982 0.308182
vt 0.272095 0.438193
v 0.36284 0.183602 -0.403292
vn 0.71695 0.0184118 -0.696882
#_#tangent 0.618022 0.445723 0.647595
#_#binormal 0.32254 -0.894982 0.308182
vt 0.165615 0.612305
v 0.518493 0.57975 0.183133
vn 0.92646 0.362232 0.102271
#_#tangent -0.367862 0.813882 0.449749
#_#binormal 0.0796769 -0.454296 0.887281
vt 0.392488 0.495903
v 0.356527 0.70146 0.668102
vn -0.00828982 0.0477817 0.998823
#_#tangent -0.754571 0.65514 -0.0376032
#_#binormal -0.656166 -0.753995 0.0306237
vt 0.413387 0.531196
v -0.00630825 0.6019 0.543923
vn -0.0473492 0.521102 0.85218
#_#tangent -0.86235 0.409219 -0.298148
#_#binormal -0.504094 -0.748995 0.429996
vt 0.44481 0.556069
v -0.333422 0.583604 0.420245
vn -0.500973 0.560399 0.659529
#_#tangent -0.7749 0.048933 -0.630186
#_#binormal -0.385428 -0.826776 0.409739
vt 0.496422 0.570564
v -0.536124 0.63422 -0.236922
vn -0.797058 0.278783 -0.535703
#_#tangent -0.275572 -0.959336 -0.0611069
#_#binormal -0.483467 0.0833727 0.871383
vt 0.60756 0.433125
v -0.536124 0.63422 -0.236922
vn -0.797058 0.278783 -0.535703
#_#tangent -0.275572 -0.959336 -0.0611069
#_#binormal -0.483467 0.0833727 0.871383
vt 0.93878 0.425186
v -0.834204 0.947398 0.332881
vn -0.333471 0.0754196 0.939739
#_#tangent -0.89883 0.275302 -0.341048
#_#binormal -0.284434 -0.958395 -0.0240158
vt 0.606304 0.542924
v -0.834204 0.947398 0.332881
vn -0.333471 0.0754196 0.939739
#_#tangent -0.89883 0.275302 -0.341048
#_#binormal -0.284434 -0.958395 -0.0240158
vt 0.988919 0.360762
v -0.315607 0.597319 -0.421262
vn -0.506764 0.220911 -0.8333
#_#tangent -0.655853 -0.726138 0.20635
#_#binormal -0.559506 0.651093 0.512866
vt 0.589744 0.32366
v 0.0242374 0.568395 -0.550631
vn 0.290305 0.614049 -0.733939
#_#tangent -0.813121 0.562667 0.149131
#_#binormal 0.504537 0.553488 0.662641
vt 0.415652 0.267524
v 0.318557 0.575878 -0.448089
vn 0.59617 0.505048 -0.624106
#_#tangent -0.395563 0.86123 0.31908
#_#binormal 0.698649 0.0566473 0.713218
vt 0.36229 0.38222
v 0.498519 0.582742 -0.139907
vn 0.607517 0.719882 -0.335698
#_#tangent -0.542974 0.664176 0.513857
#_#binormal 0.58111 -0.144558 0.800883
vt 0.362586 0.453805
v 0.452608 0.724939 -0.00221056
vn 0.764127 0.645008 -0.00861676
#_#tangent -0.559514 0.68295 0.469599
#_#binormal 0.337053 -0.330131 0.881708
vt 0.398391 0.469166
v 0.256561 1.17252 0.00728971
vn 0.708722 0.621478 0.333884
#_#tangent -0.681187 0.725966 0.0946447
#_#binormal -0.183569 -0.294514 0.937851
vt 0.454057 0.462963
v 0.0334737 0.928386 0.0825978
vn -0.0850665 0.775836 0.625173
#_#tangent -0.962883 0.102029 -0.249894
#_#binormal -0.254259 -0.653612 0.712842
vt 0.470479 0.488598
v 0.106849 0.750113 0.342377
vn -0.389423 0.618709 0.682311
#_#tangent -0.812715 0.117764 -0.570637
#_#binormal -0.43341 -0.776744 0.456974
vt 0.447694 0.527199
v -0.142066 0.928173 0.00824356
vn -0.21518 0.97316 0.08159
#_#tangent -0.961723 -0.216587 -0.167864
#_#binormal -0.132569 -0.16838 0.976767
vt 0.497892 0.46923
v -0.33724 0.839002 0.0900641
vn -0.0494391 0.465433 0.883701
#_#tangent -0.932744 0.294857 -0.20748
#_#binormal -0.357134 -0.834524 0.419553
vt 0.525698 0.512088
v -0.403998 0.766429 -0.345593
vn -0.545968 0.608051 -0.576362
#_#tangent -0.718471 -0.693669 -0.0512243
#_#binormal -0.430951 0.386133 0.815587
vt 0.573763 0.394409
v -0.122795 0.859574 -0.111922
vn -0.433768 0.845766 -0.310685
#_#tangent -0.894836 -0.444714 0.0387106
#_#binormal -0.105426 0.294804 0.949724
vt 0.503537 0.444746
v 0.143368 0.69595 -0.454187
vn 0.395866 0.659238 -0.639293
#_#tangent -0.754209 0.630559 0.183206
#_#binormal 0.523888 0.409636 0.74682
vt 0.413558 0.357998
v 0.153721 1.17732 -0.157439
vn 0.186177 0.715683 -0.673154
#_#tangent -0.976067 0.213099 -0.0433912
#_#binormal 0.112394 0.665121 0.738228
vt 0.457387 0.450892
v 0.274568 -0.386363 0.599484
vn -0.449036 -0.844133 0.292927
#_#tangent 0.574979 -0.0220457 0.817871
#_#binormal -0.683934 0.535681 0.495258
vt 0.528317 0.825976
v 0.274568 -0.386363 0.599484
vn -0.449036 -0.844133 0.292927
#_#tangent 0.574979 -0.0220457 0.817871
#_#binormal -0.683934 0.535681 0.495258
vt 0.6727 0.888758
v 0.274568 -0.386363 0.599484
vn -0.449036 -0.844133 0.292927
#_#tangent 0.574979 -0.0220457 0.817871
#_#binormal -0.683934 0.535681 0.495258
vt 0.0847618 0.784261
v 0.0530888 -0.276978 0.259757
vn 0.0163338 -0.977578 0.20994
#_#tangent 0.394377 0.218374 0.892625
#_#binormal -0.917368 0.0365976 0.396355
vt 0.41659 0.845929
v 0.0484909 -0.181346 0.402219
vn -0.317994 -0.830219 0.457839
#_#tangent 0.427461 0.30549 0.850854
#_#binormal -0.84626 0.466275 0.257742
vt 0.318329 0.648718
v 0.0484909 -0.181346 0.402219
vn -0.317994 -0.830219 0.457839
#_#tangent 0.427461 0.30549 0.850854
#_#binormal -0.84626 0.466275 0.257742
vt 0.447393 0.875721
v 0.0484909 -0.181346 0.402219
vn -0.317994 -0.830219 0.457839
#_#tangent 0.427461 0.30549 0.850854
#_#binormal -0.84626 0.466275 0.257742
vt 0.0847618 0.693359
v 0.399969 -0.326037 0.123438
vn 0.525297 -0.850842 -0.0114376
#_#tangent 0.198132 0.10923 0.97407
#_#binormal -0.827531 -0.513942 0.225957
vt 0.41881 0.734395
v 0.399969 -0.326037 0.123438
vn 0.525297 -0.850842 -0.0114376
#_#tangent 0.198132 0.10923 0.97407
#_#binormal -0.827531 -0.513942 0.225957
vt 0.0504298 0.707761
v 0.399969 -0.326037 0.123438
vn 0.525297 -0.850842 -0.0114376
#_#tangent 0.198132 0.10923 0.97407
#_#binormal -0.827531 -0.513942 0.225957
vt 0.917969 0.771484
v 0.399969 -0.326037 0.123438
vn 0.525297 -0.850842 -0.0114376
#_#tangent 0.198132 0.10923 0.97407
#_#binormal -0.827531 -0.513942 0.225957
vt 0.0664063 0.868377
v 0.273645 -0.407986 -0.00835937
vn 0.0163338 -0.977578 0.20994
#_#tangent 0.484256 0.191433 0.853727
#_#binormal -0.874774 0.0877201 0.476525
vt 0.364169 0.750181
v 0.377241 -0.295966 -0.105673
vn 0.775848 -0.63086 -0.00871712
#_#tangent 0.420851 0.507181 0.752099
#_#binormal -0.470048 -0.587183 0.658993
vt 0.305653 0.488416
v 0.377241 -0.295966 -0.105673
vn 0.775848 -0.63086 -0.00871712
#_#tangent 0.420851 0.507181 0.752099
#_#binormal -0.470048 -0.587183 0.658993
vt 0.364115 0.704153
v 0.377241 -0.295966 -0.105673
vn 0.775848 -0.63086 -0.00871712
#_#tangent 0.420851 0.507181 0.752099
#_#binormal -0.470048 -0.587183 0.658993
vt 0.971323 0.794436
v -0.201928 -0.0553496 0.263506
vn -0.508014 -0.843727 0.173342
#_#tangent -0.0142745 0.209464 0.977712
#_#binormal -0.861231 0.494217 -0.118454
vt 0.430622 0.929293
v -0.201928 -0.0553496 0.263506
vn -0.508014 -0.843727 0.173342
#_#tangent -0.0142745 0.209464 0.977712
#_#binormal -0.861231 0.494217 -0.118454
vt 0.963761 0.507879
v -0.182794 -0.18599 0.0400628
vn -0.579457 -0.503993 0.640485
#_#tangent 0.100084 0.735916 0.669635
#_#binormal -0.808834 0.452127 -0.37599
vt 0.378253 0.933521
v -0.182794 -0.18599 0.0400628
vn -0.579457 -0.503993 0.640485
#_#tangent 0.100084 0.735916 0.669635
#_#binormal -0.808834 0.452127 -0.37599
vt 0.963115 0.466477
v -0.329942 -0.068417 0.0667587
vn -0.570832 -0.691548 0.442619
#_#tangent 0.819338 -0.514737 0.252449
#_#binormal 0.053252 0.50676 0.860441
vt 0.399724 0.96549
v -0.329942 -0.068417 0.0667587
vn -0.570832 -0.691548 0.442619
#_#tangent 0.819338 -0.514737 0.252449
#_#binormal 0.053252 0.50676 0.860441
vt 0.955786 0.463893
v -0.402193 -0.130729 -0.153735
vn -0.879971 -0.366061 -0.302738
#_#tangent 0.474165 -0.715267 -0.513382
#_#binormal -0.0286094 -0.595308 0.802988
vt 0.0972488 0.815706
v -0.402193 -0.130729 -0.153735
vn -0.879971 -0.366061 -0.302738
#_#tangent 0.474165 -0.715267 -0.513382
#_#binormal -0.0286094 -0.595308 0.802988
vt 0.953036 0.449737
v -0.441274 -0.600024 -0.263095
vn -0.152235 -0.545656 -0.824066
#_#tangent 0.810609 -0.545959 0.211758
#_#binormal -0.565454 -0.635758 0.525428
vt 0.182366 0.922312
v -0.441274 -0.600024 -0.263095
vn -0.152235 -0.545656 -0.824066
#_#tangent 0.810609 -0.545959 0.211758
#_#binormal -0.565454 -0.635758 0.525428
vt 0.967615 0.438618
v -0.276161 -0.125516 -0.343952
vn -0.600478 -0.71199 -0.364
#_#tangent 0.787844 -0.604673 -0.11693
#_#binormal -0.136848 -0.356989 0.92403
vt 0.152095 0.781946
v -0.276161 -0.125516 -0.343952
vn -0.600478 -0.71199 -0.364
#_#tangent 0.787844 -0.604673 -0.11693
#_#binormal -0.136848 -0.356989 0.92403
vt 0.961324 0.439349
v 0.0404421 -0.284571 -0.403791
vn -0.0492765 -0.876408 -0.479042
#_#tangent 0.654966 -0.390455 0.646965
#_#binormal -0.75405 -0.281876 0.593258
vt 0.230108 0.737322
v 0.112581 -0.311836 -0.262915
vn -0.319178 -0.937091 -0.141368
#_#tangent 0.564285 -0.307766 0.766069
#_#binormal -0.761385 0.164741 0.627019
vt 0.274129 0.753114
v 0.326994 -0.394281 -0.476672
vn -0.177531 -0.800702 -0.572153
#_#tangent 0.541559 -0.564927 0.622552
#_#binormal -0.821704 -0.199332 0.533919
vt 0.2772 0.679638
v 0.667365 0.0754303 0.198871
vn 0.690044 -0.452852 0.564592
#_#tangent 0.349447 0.891585 0.288034
#_#binormal -0.633819 -0.00146145 0.77348
vt 0.339519 0.493461
v 0.687864 0.12216 -0.0201995
vn 0.767856 -0.553444 -0.32264
#_#tangent 0.636267 0.600222 0.484663
#_#binormal -0.0745784 -0.577436 0.813022
vt 0.332141 0.480635
v 1.10432 0.547391 0.243181
vn 0.663885 0.101102 0.740969
#_#tangent -0.17287 0.984731 0.0205241
#_#binormal -0.72758 -0.141717 0.671225
vt 0.361404 0.478675
v 0.135 0.0969193 0.638848
vn 0.401599 0.148986 0.903616
#_#tangent 0.806924 0.409068 -0.426071
#_#binormal -0.433119 0.900259 0.0440614
vt 0.37191 0.593605
v 0.135 0.0969193 0.638848
vn 0.401599 0.148986 0.903616
#_#tangent 0.806924 0.409068 -0.426071
#_#binormal -0.433119 0.900259 0.0440614
vt 0.906359 0.879963
v 0.135 0.0969193 0.638848
vn 0.401599 0.148986 0.903616
#_#tangent 0.806924 0.409068 -0.426071
#_#binormal -0.433119 0.900259 0.0440614
vt 0.0681823 0.67602
v 0.344788 0.1043 0.600329
vn 0.403059 0.295263 0.866235
#_#tangent -0.483007 0.872594 -0.0726882
#_#binormal -0.777334 -0.3891 0.494321
vt 0.353172 0.56581
v 0.233756 0.344584 0.496105
vn 0.250731 0.0772761 0.964967
#_#tangent -0.615485 0.78212 0.0972907
#_#binormal -0.747202 -0.618317 0.243665
vt 0.393401 0.552055
v -0.511958 0.0896054 0.246426
vn -0.822013 -0.419093 0.385558
#_#tangent -0.253243 -0.337397 -0.906659
#_#binormal 0.510061 -0.842926 0.171212
vt 0.918555 0.464528
v -0.370143 0.120689 0.431548
vn -0.824132 -0.203786 0.528467
#_#tangent -0.281587 -0.662141 -0.694462
#_#binormal 0.491442 -0.721138 0.488308
vt 0.880378 0.491666
v -0.498559 0.281827 0.348938
vn -0.785869 -0.111675 0.608226
#_#tangent -0.589903 -0.159715 -0.791521
#_#binormal 0.185536 -0.980826 0.059638
vt 0.890948 0.439238
v -0.446226 0.0546473 -0.426781
vn -0.736678 -0.205813 -0.644163
#_#tangent -0.154824 -0.875929 0.456923
#_#binormal -0.658281 0.436337 0.613413
vt 0.871249 0.160029
v -0.446226 0.0546473 -0.426781
vn -0.736678 -0.205813 -0.644163
#_#tangent -0.154824 -0.875929 0.456923
#_#binormal -0.658281 0.436337 0.613413
vt 0.109159 0.766901
v -0.446226 0.0546473 -0.426781
vn -0.736678 -0.205813 -0.644163
#_#tangent -0.154824 -0.875929 0.456923
#_#binormal -0.658281 0.436337 0.613413
vt 0.947559 0.432543
v -0.555365 0.0531472 -0.252917
vn -0.687619 -0.453947 -0.566668
#_#tangent 0.722162 -0.508482 -0.468966
#_#binormal -0.0752545 -0.731695 0.677465
vt 0.942555 0.437157
v -0.515897 0.257562 -0.366583
vn -0.741968 0.0844593 -0.665094
#_#tangent -0.405067 -0.815221 0.413927
#_#binormal -0.498335 0.576432 0.647602
vt 0.81041 0.281186
v -0.515897 0.257562 -0.366583
vn -0.741968 0.0844593 -0.665094
#_#tangent -0.405067 -0.815221 0.413927
#_#binormal -0.498335 0.576432 0.647602
vt 0.942127 0.432455
v 0.270075 0.11316 -0.482217
vn 0.454393 -0.0673326 -0.888253
#_#tangent 0.889343 0.0913148 0.448029
#_#binormal 0.0509436 -0.993543 0.101375
vt 0.186844 0.401816
v 0.270075 0.11316 -0.482217
vn 0.454393 -0.0673326 -0.888253
#_#tangent 0.889343 0.0913148 0.448029
#_#binormal 0.0509436 -0.993543 0.101375
vt 0.171955 0.641958
v 0.0625723 0.130082 -0.576744
vn 0.365309 -0.368226 -0.854961
#_#tangent 0.88185 0.431048 0.191149
#_#binormal 0.298144 -0.823776 0.482186
vt 0.0870316 0.246491
v 0.0625723 0.130082 -0.576744
vn 0.365309 -0.368226 -0.854961
#_#tangent 0.88185 0.431048 0.191149
#_#binormal 0.298144 -0.823776 0.482186
vt 0.150199 0.677768
v 0.179344 0.296142 -0.580311
vn 0.598837 -0.0839443 -0.79646
#_#tangent 0.221741 0.972992 0.0641711
#_#binormal 0.769562 -0.215036 0.601277
vt 0.23453 0.272009
v 0.179344 0.296142 -0.580311
vn 0.598837 -0.0839443 -0.79646
#_#tangent 0.221741 0.972992 0.0641711
#_#binormal 0.769562 -0.215036 0.601277
vt 0.130642 0.646114
v 0.534013 0.474397 0.252603
vn 0.928986 0.131842 0.345837
#_#tangent -0.254795 0.905547 0.339212
#_#binormal -0.268449 -0.40324 0.874833
vt 0.382756 0.505367
v 0.489552 0.272386 0.381606
vn 0.819181 -0.010884 0.573431
#_#tangent -0.200905 0.951987 0.230995
#_#binormal -0.578085 -0.305582 0.756596
vt 0.362614 0.523105
v 0.411627 0.454623 0.386026
vn 0.742807 -0.0913283 0.663247
#_#tangent -0.286705 0.851829 0.438393
#_#binormal -0.60501 -0.515797 0.60656
vt 0.38633 0.524783
v -0.0838162 0.466925 0.552218
vn -0.0473492 0.521102 0.85218
#_#tangent -0.868914 0.37923 -0.318077
#_#binormal -0.486567 -0.772313 0.408393
vt 0.445179 0.577318
v -0.486799 0.122356 1.02288
vn -0.770034 0.466138 0.435618
#_#tangent -0.363458 0.240653 -0.899992
#_#binormal -0.524352 -0.851353 -0.0158894
vt 0.443667 0.689433
v -0.486799 0.122356 1.02288
vn -0.770034 0.466138 0.435618
#_#tangent -0.363458 0.240653 -0.899992
#_#binormal -0.524352 -0.851353 -0.0158894
vt 0.595841 0.596544
v -0.486799 0.122356 1.02288
vn -0.770034 0.466138 0.435618
#_#tangent -0.363458 0.240653 -0.899992
#_#binormal -0.524352 -0.851353 -0.0158894
vt 0.947266 0.839253
v -0.263566 0.46516 0.522129
vn -0.511363 0.466628 0.721641
#_#tangent -0.749897 0.167836 -0.639911
#_#binormal -0.419717 -0.868383 0.264098
vt 0.471311 0.590564
v -0.263566 0.46516 0.522129
vn -0.511363 0.466628 0.721641
#_#tangent -0.749897 0.167836 -0.639911
#_#binormal -0.419717 -0.868383 0.264098
vt 0.80306 0.344629
v -0.557739 0.480149 0.131822
vn -0.932077 -0.0170843 0.361857
#_#tangent -0.331228 -0.350001 -0.876235
#_#binormal -0.169656 0.935614 -0.309587
vt 0.661441 0.469011
v -0.557739 0.480149 0.131822
vn -0.932077 -0.0170843 0.361857
#_#tangent -0.331228 -0.350001 -0.876235
#_#binormal -0.169656 0.935614 -0.309587
vt 0.930935 0.429158
v -1.00936 0.0880612 0.243114
vn -0.458827 0.260864 0.849369
#_#tangent -0.887188 -0.0820686 -0.454051
#_#binormal -0.0487392 -0.961881 0.269091
vt 0.933874 0.437679
v -0.56842 0.449345 -0.115126
vn -0.92982 0.333837 -0.154879
#_#tangent -0.367316 -0.867786 0.334704
#_#binormal -0.0226654 0.368104 0.929508
vt 0.640856 0.437643
v -0.56842 0.449345 -0.115126
vn -0.92982 0.333837 -0.154879
#_#tangent -0.367316 -0.867786 0.334704
#_#binormal -0.0226654 0.368104 0.929508
vt 0.936039 0.429218
v -0.260899 0.471437 -0.489764
vn -0.668131 0.390546 -0.633305
#_#tangent -0.668244 -0.689264 0.279937
#_#binormal -0.327187 0.610237 0.721499
vt 0.60776 0.254405
v -0.116677 0.37399 -0.84042
vn -0.552829 -0.106728 -0.826432
#_#tangent -0.616152 -0.615348 0.491633
#_#binormal -0.561014 0.780997 0.274421
vt 0.531717 0.0473498
v -0.116677 0.37399 -0.84042
vn -0.552829 -0.106728 -0.826432
#_#tangent -0.616152 -0.615348 0.491633
#_#binormal -0.561014 0.780997 0.274421
vt 0.0869141 0.666618
v -0.116677 0.37399 -0.84042
vn -0.552829 -0.106728 -0.826432
#_#tangent -0.616152 -0.615348 0.491633
#_#binormal -0.561014 0.780997 0.274421
vt 0.944323 0.712688
v 0.0405246 0.575127 -0.868635
vn 0.0358208 0.853391 -0.520039
#_#tangent -0.950396 0.189974 0.246285
#_#binormal 0.308972 0.485421 0.817865
vt 0.40502 0.089022
v 0.34473 0.479307 -0.436596
vn 0.784731 0.215841 -0.581042
#_#tangent 0.0811561 0.893564 0.441539
#_#binormal 0.614501 -0.393645 0.68369
vt 0.34069 0.390606
v 0.452353 0.34926 -0.331617
vn 0.69819 0.102732 -0.708503
#_#tangent 0.298718 0.85758 0.418717
#_#binormal 0.650614 -0.503987 0.568066
vt 0.329127 0.441959
v 0.472047 0.508007 -0.254785
vn 0.600429 0.423529 -0.678312
#_#tangent -0.202957 0.901167 0.383023
#_#binormal 0.773494 -0.0923105 0.627045
vt 0.348726 0.443044
v 0.31611 0.839527 0.537681
vn 0.0125586 0.943656 0.330689
#_#tangent -0.892434 0.159743 -0.421952
#_#binormal -0.451003 -0.289819 0.844157
vt 0.423605 0.523747
v 0.418687 0.730636 0.114708
vn 0.638955 0.768228 0.0395316
#_#tangent -0.74798 0.608471 0.265121
#_#binormal 0.17962 -0.198969 0.963404
vt 0.413557 0.489788
v 0.216811 0.837046 0.14794
vn 0.494723 0.805508 0.326199
#_#tangent -0.842696 0.536381 -0.0464674
#_#binormal -0.212397 -0.251898 0.944158
vt 0.440624 0.501487
v -0.168754 0.761284 0.30465
vn -0.228047 0.779058 0.584006
#_#tangent -0.833776 0.153493 -0.530337
#_#binormal -0.502804 -0.607872 0.614556
vt 0.485561 0.530936
v -0.0378827 0.746892 0.330167
vn -0.0850665 0.775836 0.625173
#_#tangent -0.914438 0.188385 -0.358211
#_#binormal -0.395686 -0.602154 0.693429
vt 0.466733 0.530323
v -0.125152 0.867532 0.152492
vn -0.068722 0.872987 0.482877
#_#tangent -0.961356 0.0713936 -0.26589
#_#binormal -0.266593 -0.482489 0.834346
vt 0.491141 0.500722
v -0.436472 0.76175 -0.184126
vn -0.475914 0.742385 -0.471562
#_#tangent -0.830175 -0.556218 -0.0378247
#_#binormal -0.290372 0.373477 0.881022
vt 0.577105 0.440777
v -0.744641 1.06292 0.234554
vn -0.21518 0.97316 0.08159
#_#tangent -0.972398 -0.221229 0.0741654
#_#binormal 0.0902249 -0.063379 0.993903
vt 0.590154 0.525292
v -0.294304 0.891662 -0.0750225
vn -0.0738318 0.917586 -0.390621
#_#tangent -0.977851 -0.143531 -0.152337
#_#binormal -0.195848 0.370722 0.907859
vt 0.541416 0.459346
v -0.0193984 0.756523 -0.480566
vn 0.0918679 0.590147 -0.802052
#_#tangent -0.967526 0.243381 0.0682575
#_#binormal 0.235486 0.769735 0.593341
vt 0.464064 0.345262
v -0.245977 0.758076 -0.400413
vn -0.358214 0.629627 -0.689386
#_#tangent -0.920334 -0.362345 0.147282
#_#binormal -0.157063 0.687223 0.709264
vt 0.537771 0.36511
v -0.0571096 0.920025 -0.322636
vn -0.239731 0.829551 -0.504356
#_#tangent -0.970225 -0.186243 0.154842
#_#binormal 0.0345166 0.526459 0.849499
vt 0.48041 0.412796
v 0.396736 0.744091 -0.118087
vn 0.607517 0.719882 -0.335698
#_#tangent -0.623625 0.694036 0.35973
#_#binormal 0.491949 -0.00919252 0.870575
vt 0.397468 0.450962
v 0.24306 0.696768 -0.310126
vn 0.44233 0.751961 -0.488773
#_#tangent -0.744896 0.611545 0.266726
#_#binormal 0.499474 0.246104 0.830637
vt 0.403715 0.404708
v 0.218628 0.853937 -0.144563
vn 0.709572 0.442587 -0.548292
#_#tangent -0.546475 0.836876 -0.0316853
#_#binormal 0.444829 0.322111 0.835686
vt 0.428772 0.439613
#faces 320
f 68/68/68 20/20/20 149/149/149
f 148/148/148 56/56/56 67/67/67
f 3/3/3 69/69/69 58/58/58
f 56/56/56 148/148/148 17/17/17
f 151/151/151 17/17/17 148/148/148
f 148/148/148 153/153/153 151/151/151
f 18/18/18 151/151/151 153/153/153
f 154/154/154 150/150/150 21/21/21
f 65/65/65 5/5/5 61/61/61
f 60/60/60 153/153/153 64/64/64
f 19/19/19 63/63/63 152/152/152
f 153/153/153 60/60/60 18/18/18
f 151/151/151 18/18/18 62/62/62
f 62/62/62 55/55/55 151/151/151
f 17/17/17 151/151/151 55/55/55
f 62/62/62 1/1/1 55/55/55
f 158/158/158 25/25/25 80/80/80
f 78/78/78 57/57/57 156/156/156
f 17/17/17 155/155/155 56/56/56
f 59/59/59 79/79/79 4/4/4
f 155/155/155 17/17/17 159/159/159
f 159/159/159 161/161/161 155/155/155
f 24/24/24 157/157/157 162/162/162
f 161/161/161 159/159/159 22/22/22
f 72/72/72 10/10/10 76/76/76
f 75/75/75 161/161/161 70/70/70
f 22/22/22 70/70/70 161/161/161
f 160/160/160 74/74/74 23/23/23
f 73/73/73 22/22/22 159/159/159
f 159/159/159 55/55/55 73/73/73
f 1/1/1 73/73/73 55/55/55
f 55/55/55 159/159/159 17/17/17
f 85/85/85 27/27/27 164/164/164
f 163/163/163 60/60/60 84/84/84
f 5/5/5 85/85/85 61/61/61
f 60/60/60 163/163/163 18/18/18
f 165/165/165 18/18/18 163/163/163
f 163/163/163 167/167/167 165/165/165
f 26/26/26 166/166/166 168/168/168
f 168/168/168 164/164/164 27/27/27
f 86/86/86 6/6/6 81/81/81
f 81/81/81 168/168/168 86/86/86
f 27/27/27 86/86/86 168/168/168
f 168/168/168 81/81/81 26/26/26
f 166/166/166 26/26/26 83/83/83
