v -1.7494 0.112877 0.0930731
vn -0.0389687 0.918432 -0.393654
#_#tangent 0.333969 0.38327 0.861144
#_#binormal 0.941778 -0.0979106 -0.321663
vt 0.822173 0.51729
#_#vt1 3.70704e-040 2.49805e-038
v -1.7494 0.112877 0.0930731
vn -0.0389687 0.918432 -0.393654
#_#tangent 0.333969 0.38327 0.861144
#_#binormal 0.941778 -0.0979106 -0.321663
vt 0.664574 0.710938
#_#vt1 3.70704e-040 2.49805e-038
v -1.7494 0.112877 0.0930731
vn -0.0389687 0.918432 -0.393654
#_#tangent 0.333969 0.38327 0.861144
#_#binormal 0.941778 -0.0979106 -0.321663
vt 0.209031 0.543975
#_#vt1 3.70704e-040 2.49805e-038
v -1.7494 0.112877 0.23317
vn 0.306349 0.654769 0.690962
#_#tangent 0.3102 -0.721167 0.619431
#_#binormal 0.906381 0.0277882 -0.421547
vt 0.462184 0.534492
#_#vt1 3.70704e-040 2.49805e-038
v -1.7494 0.112877 0.23317
vn 0.103878 0.99459 0
#_#tangent 0.103307 -0.0107898 0.994591
#_#binormal 0.98921 -0.103316 -0.103869
vt 0.218653 0.542964
#_#vt1 3.70704e-040 2.49805e-038
v -1.7494 0.0138123 0.332235
vn 0.256235 0.0126022 0.966532
#_#tangent -0.934364 -0.171005 0.312604
#_#binormal 0.170059 -0.984962 -0.0305058
vt 0.34997 0.55957
#_#vt1 3.70704e-040 2.49805e-038
v -1.7494 0.0138123 0.332235
vn 0.256235 0.0126022 0.966532
#_#tangent -0.934364 -0.171005 0.312604
#_#binormal 0.170059 -0.984962 -0.0305058
vt 0.416409 0.704068
#_#vt1 3.70704e-040 2.49805e-038
v -1.7494 0.0138123 0.332235
vn 0.306349 0.654769 0.690962
#_#tangent 0.299786 -0.73475 0.608499
#_#binormal 0.910313 0.0294904 -0.41287
vt 0.471334 0.531348
#_#vt1 3.70704e-040 2.49805e-038
v -1.7494 -0.126285 0.332235
vn 0.231171 -0.690065 0.685836
#_#tangent -0.972906 -0.161346 0.165592
#_#binormal -0.00361286 -0.705534 -0.708667
vt 0.0745797 0.55957
#_#vt1 3.70704e-040 2.49805e-038
v -1.7494 -0.126285 0.332235
vn 0.231171 -0.690065 0.685836
#_#tangent -0.972906 -0.161346 0.165592
#_#binormal -0.00361286 -0.705534 -0.708667
vt 0.856594 0.68507
#_#vt1 3.70704e-040 2.49805e-038
v -1.7494 -0.126285 0.332235
vn 0.0229015 0.00537402 0.999723
#_#tangent -0.324963 0.945727 0
#_#binormal -0.945727 -0.324963 0
vt 0.34082 0.562714
#_#vt1 3.70704e-040 2.49805e-038
v -1.7494 -0.126285 0.332235
vn 0.579878 0 0.814703
#_#tangent 0.00196735 -0.999997 -0.00140029
#_#binormal 0.814701 0.00241481 -0.579876
vt 0.426084 0.704045
#_#vt1 3.70704e-040 2.49805e-038
v -1.7494 -0.225349 0.23317
vn -0.017786 -0.999796 -0.00956041
#_#tangent -0.991802 0.016432 0.12672
#_#binormal -0.126537 0.0117359 -0.991893
vt 0.123408 0.569336
#_#vt1 3.70704e-040 2.49805e-038
v -1.7494 -0.225349 0.23317
vn -0.017786 -0.999796 -0.00956041
#_#tangent -0.991802 0.016432 0.12672
#_#binormal -0.126537 0.0117359 -0.991893
vt 0.312074 0.699219
#_#vt1 3.70704e-040 2.49805e-038
v -1.7494 -0.225349 0.23317
vn 0.0269965 -0.706845 0.706853
#_#tangent -0.324964 0.668724 0.668735
#_#binormal -0.945726 -0.229783 -0.229786
vt 0.0654297 0.562714
#_#vt1 3.70704e-040 2.49805e-038
v -1.7494 -0.225349 0.23317
vn 0.45473 -0.629775 0.629765
#_#tangent -0.294276 -0.77363 -0.561157
#_#binormal 0.840608 0.0698502 -0.537121
vt 0.865726 0.688267
#_#vt1 3.70704e-040 2.49805e-038
v -1.7494 -0.225349 0.0930731
vn -0.191442 -0.651882 -0.733757
#_#tangent 0.317823 0.631595 -0.707161
#_#binormal 0.918195 -0.391015 0.0634363
vt 0.899684 0.555976
#_#vt1 3.70704e-040 2.49805e-038
v -1.7494 -0.225349 0.0930731
vn -0.017786 -0.999796 -0.00956041
#_#tangent -0.324961 -1.90498e-007 0.945727
#_#binormal -0.945727 -5.54401e-007 -0.324961
vt 0.114258 0.57248
#_#vt1 3.70704e-040 2.49805e-038
v -1.7494 -0.225349 0.0930731
vn -0.017786 -0.999796 -0.00956041
#_#tangent -0.551443 0.00683572 -0.834184
#_#binormal 0.83412 -0.0103398 -0.551485
vt 0.320145 0.704554
#_#vt1 3.70704e-040 2.49805e-038
v -1.7494 -0.126284 -0.00599094
vn -0.290031 0.0290415 -0.956577
#_#tangent -0.236364 -0.970748 0.0421928
#_#binormal -0.92737 0.238337 0.288411
vt 0.840955 0.512634
#_#vt1 3.70704e-040 2.49805e-038
v -1.7494 -0.126284 -0.00599094
vn -0.191442 -0.651882 -0.733757
#_#tangent 0.310957 0.622382 -0.718294
#_#binormal 0.926226 -0.367896 0.082201
vt 0.908834 0.552832
#_#vt1 3.70704e-040 2.49805e-038
v -1.7494 0.0138126 -0.00599061
vn -0.199828 0.261911 -0.944177
#_#tangent -0.248623 -0.945629 -0.209695
#_#binormal -0.947763 0.192841 0.254081
vt 0.831564 0.514962
#_#vt1 3.70704e-040 2.49805e-038
v -1.7494 0.0138126 -0.00599061
vn -0.292859 0.660772 -0.691096
#_#tangent 0.716877 0.627671 0.303506
#_#binormal 0.627163 -0.390394 -0.673988
vt 0.658203 0.718219
#_#vt1 3.70704e-040 2.49805e-038
v -2.58823 0.112877 0.0930738
vn -0.0389687 0.918432 -0.393654
#_#tangent 0.112926 0.380235 0.91797
#_#binormal 0.993603 -0.0432147 -0.104331
vt 0.202982 0.486362
#_#vt1 3.70704e-040 2.49805e-038
v -2.58823 0.112877 0.0930738
vn -1 0 0
#_#tangent 0 -0.382679 0.923882
#_#binormal 0 0.923882 0.382679
vt 0.257609 0.784479
#_#vt1 3.70704e-040 2.49805e-038
v -2.58823 0.112876 0.233171
vn 5.4641e-007 0.707107 0.707107
#_#tangent 0.324966 -0.668729 0.668729
#_#binormal 0.945726 0.229785 -0.229786
vt 0.443359 0.479707
#_#vt1 3.70704e-040 2.49805e-038
v -2.58823 0.112876 0.233171
vn -0.0392101 0.999143 0.0132534
#_#tangent 0.104428 -2.31236e-006 0.994532
#_#binormal 0.994532 6.40226e-007 -0.104428
vt 0.212604 0.485352
#_#vt1 3.70704e-040 2.49805e-038
v -2.58823 0.112876 0.233171
vn -1 0 0
#_#tangent 0 0.707109 0.707104
#_#binormal 0 0.707104 -0.707109
vt 0.977264 0.92862
#_#vt1 3.70704e-040 2.49805e-038
v -2.58823 0.112876 0.233171
vn -1 0 0
#_#tangent 0 -0.382677 0.923882
#_#binormal 0 0.923882 0.382677
vt 0.266547 0.788181
#_#vt1 3.70704e-040 2.49805e-038
v -2.58823 0.0138123 0.332235
vn 0.0229015 0.00537402 0.999723
#_#tangent -0.324964 0.945727 0
#_#binormal -0.945727 -0.324964 0
vt 0.368795 0.614356
#_#vt1 3.70704e-040 2.49805e-038
v -2.58823 0.0138123 0.332235
vn 5.4641e-007 0.707107 0.707107
#_#tangent 0.324966 -0.668728 0.66873
#_#binormal 0.945726 0.229785 -0.229786
vt 0.452509 0.476563
#_#vt1 3.70704e-040 2.49805e-038
v -2.58823 0.0138123 0.332235
vn -1 0 0
#_#tangent 0 2.78268e-006 1
#_#binormal 0 1 -2.78268e-006
vt 0.100311 0.92862
#_#vt1 3.70704e-040 2.49805e-038
v -2.58823 0.0138123 0.332235
vn -1 0 0
#_#tangent 0 0.707107 0.707107
#_#binormal 0 0.707107 -0.707107
vt 0.977264 0.918945
#_#vt1 3.70704e-040 2.49805e-038
v -2.58823 -0.126284 0.332235
vn -7.6142e-008 -0.664909 0.746924
#_#tangent -0.324964 0.668732 0.668727
#_#binormal -0.945726 -0.229785 -0.229784
vt 0.0934048 0.614356
#_#vt1 3.70704e-040 2.49805e-038
v -2.58823 -0.126284 0.332235
vn 0.0229015 0.00537402 0.999723
#_#tangent -0.324963 0.945727 0
#_#binormal -0.945727 -0.324963 0
vt 0.359645 0.6175
#_#vt1 3.70704e-040 2.49805e-038
v -2.58823 -0.126284 0.332235
vn -1 0 0
#_#tangent 0 -0.707103 0.707111
#_#binormal 0 0.707111 0.707103
vt 0.556365 0.92862
#_#vt1 3.70704e-040 2.49805e-038
v -2.58823 -0.126284 0.332235
vn -1 0 0
#_#tangent 0 3.08034e-006 1
#_#binormal 0 1 -3.08034e-006
vt 0.100311 0.918945
#_#vt1 3.70704e-040 2.49805e-038
v -2.58823 -0.225349 0.233171
vn -0.017786 -0.999796 -0.00956041
#_#tangent -0.324961 3.3195e-006 0.945727
#_#binormal -0.945727 -1.14062e-006 -0.324961
vt 0.142233 0.624121
#_#vt1 3.70704e-040 2.49805e-038
v -2.58823 -0.225349 0.233171
vn -7.6142e-008 -0.664909 0.746924
#_#tangent -0.324964 0.668728 0.668731
#_#binormal -0.945726 -0.229784 -0.229785
vt 0.0842548 0.6175
#_#vt1 3.70704e-040 2.49805e-038
v -2.58823 -0.225349 0.233171
vn -1 0 0
#_#tangent 0 -1 7.66791e-006
#_#binormal 0 7.66791e-006 1
vt 0.348357 0.929597
#_#vt1 3.70704e-040 2.49805e-038
v -2.58823 -0.225349 0.233171
vn -1 0 0
#_#tangent 0 -0.707104 0.707109
#_#binormal 0 0.707109 0.707104
vt 0.556365 0.918945
#_#vt1 3.70704e-040 2.49805e-038
v -2.58823 -0.225349 0.0930744
vn -6.90851e-007 -0.707113 -0.707101
#_#tangent 0.324966 0.668723 -0.668735
#_#binormal 0.945726 -0.229784 0.229787
vt 0.880859 0.501191
#_#vt1 3.70704e-040 2.49805e-038
v -2.58823 -0.225349 0.0930744
vn -0.017786 -0.999796 -0.00956041
#_#tangent -0.324961 1.5645e-006 0.945727
#_#binormal -0.945727 -8.4751e-007 -0.324961
vt 0.133083 0.627265
#_#vt1 3.70704e-040 2.49805e-038
v -2.58823 -0.225349 0.0930744
vn -1 0 0
#_#tangent 0 -0.707108 -0.707106
#_#binormal 0 -0.707106 0.707108
vt 0.273162 0.929597
#_#vt1 3.70704e-040 2.49805e-038
v -2.58823 -0.225349 0.0930744
vn -1 0 0
#_#tangent 0 -1 6.59034e-006
#_#binormal 0 6.59034e-006 1
vt 0.348357 0.919922
#_#vt1 3.70704e-040 2.49805e-038
v -2.58823 -0.126286 -0.00599061
vn 0.0294732 -3.30953e-006 -0.999566
#_#tangent -0.240616 -0.97062 4.64969e-006
#_#binormal -0.97062 0.240616 -7.48877e-007
vt 0.854893 0.568861
#_#vt1 3.70704e-040 2.49805e-038
v -2.58823 -0.126286 -0.00599061
vn -1 0 0
#_#tangent 0 -0.382684 0.923879
#_#binormal 0 0.923879 0.382684
vt 0.257609 0.766602
#_#vt1 3.70704e-040 2.49805e-038
v -2.58823 -0.126286 -0.00599061
vn -6.90851e-007 -0.707113 -0.707101
#_#tangent 0.324966 0.668727 -0.668731
#_#binormal 0.945726 -0.229784 0.229786
vt 0.890009 0.498047
#_#vt1 3.70704e-040 2.49805e-038
v -2.58823 -0.126286 -0.00599061
vn -1 0 0
#_#tangent 0 -0.707108 -0.707105
#_#binormal 0 -0.707105 0.707108
vt 0.273162 0.919922
#_#vt1 3.70704e-040 2.49805e-038
v -2.58823 0.013811 -0.00599126
vn -2.68263e-007 0.382682 -0.92388
#_#tangent -0.329133 -0.872405 -0.36136
#_#binormal -0.944284 0.304079 0.125953
vt 0.845503 0.571189
#_#vt1 3.70704e-040 2.49805e-038
v -2.58823 0.013811 -0.00599126
vn -2.68263e-007 0.382682 -0.92388
#_#tangent -0.329133 -0.872405 -0.36136
#_#binormal -0.944284 0.304079 0.125953
vt 0.193359 0.487372
#_#vt1 3.70704e-040 2.49805e-038
v -2.58823 0.013811 -0.00599126
vn -1 0 0
#_#tangent 0 -0.382682 0.92388
#_#binormal 0 0.92388 0.382682
vt 0.253906 0.77554
#_#vt1 3.70704e-040 2.49805e-038
v -2.58823 0.0485769 0.119707
vn -1 0 0
#_#tangent 0 -0.382679 0.923881
#_#binormal 0 0.923881 0.382679
vt 0.261007 0.78108
#_#vt1 3.70704e-040 2.49805e-038
v -2.58823 0.0485769 0.119707
vn 0.032073 0.923405 -0.382484
#_#tangent 0.0965342 -0.383754 -0.918376
#_#binormal -0.994813 -0.00746773 -0.101448
vt 0.19154 0.670898
#_#vt1 3.70704e-040 2.49805e-038
v -2.58823 0.0485769 0.119707
vn 0.032073 0.923405 -0.382484
#_#tangent 0.0965342 -0.383754 -0.918376
#_#binormal -0.994813 -0.00746773 -0.101448
vt 0.896528 0.674805
#_#vt1 3.70704e-040 2.49805e-038
v -2.58823 0.0485764 0.206537
vn -0.696632 0.717429 4.09374e-006
#_#tangent 0.574138 0.557498 -0.599634
#_#binormal -0.430197 -0.417722 -0.800274
vt 0.972823 0.926781
#_#vt1 3.70704e-040 2.49805e-038
v -2.58823 0.0485764 0.206537
vn -0.696632 0.717429 4.09374e-006
#_#tangent 0.574138 0.557498 -0.599634
#_#binormal -0.430197 -0.417722 -0.800274
vt 0.890625 0.675859
#_#vt1 3.70704e-040 2.49805e-038
v -2.58823 0.0485764 0.206537
vn -1 0 0
#_#tangent 0 -0.382678 0.923882
#_#binormal 0 0.923882 0.382678
vt 0.266547 0.783375
#_#vt1 3.70704e-040 2.49805e-038
v -2.58823 0.0485764 0.206537
vn 5.4641e-007 0.707107 0.707107
#_#tangent 0.175367 -0.699663 0.692617
#_#binormal 0.984094 0.104296 -0.143811
vt 0.239154 0.715973
#_#vt1 3.70704e-040 2.49805e-038
v -2.58823 -0.0128214 0.267935
vn -0.697 0.507044 0.507047
#_#tangent 0.245058 -0.496103 0.832964
#_#binormal 0.673897 0.704832 0.221528
vt 0.0958701 0.926781
#_#vt1 3.70704e-040 2.49805e-038
v -2.58823 -0.0128214 0.267935
vn -0.697 0.507044 0.507047
#_#tangent 0.245058 -0.496103 0.832964
#_#binormal 0.673897 0.704832 0.221528
vt 0.245057 0.714921
#_#vt1 3.70704e-040 2.49805e-038
v -2.58823 -0.0128214 0.267935
vn -1 0 0
#_#tangent 0 0.707109 0.707104
#_#binormal 0 0.707104 -0.707109
vt 0.972823 0.920785
#_#vt1 3.70704e-040 2.49805e-038
v -2.58823 -0.0128214 0.267935
vn 0.0229015 0.00537402 0.999723
#_#tangent -0.175811 0.984412 0.00481593
#_#binormal -0.984043 -0.175877 0.0269556
vt 0.135786 0.680664
#_#vt1 3.70704e-040 2.49805e-038
v -2.58823 -0.0996509 0.267935
vn -0.697358 0 0.716723
#_#tangent 0.57377 0.59927 0.558268
#_#binormal -0.42951 0.800547 -0.417906
vt 0.551925 0.926781
#_#vt1 3.70704e-040 2.49805e-038
v -2.58823 -0.0996509 0.267935
vn -0.697358 0 0.716723
#_#tangent 0.57377 0.59927 0.558268
#_#binormal -0.42951 0.800547 -0.417906
vt 0.129883 0.681719
#_#vt1 3.70704e-040 2.49805e-038
v -2.58823 -0.0996509 0.267935
vn -1 0 0
#_#tangent 0 2.78268e-006 1
#_#binormal 0 1 -2.78268e-006
vt 0.09587 0.920785
#_#vt1 3.70704e-040 2.49805e-038
v -2.58823 -0.0996509 0.267935
vn 0.0269965 -0.706845 0.706853
#_#tangent -0.176793 0.692588 0.699333
#_#binormal -0.983878 -0.143846 -0.106268
vt 0.786175 0.680664
#_#vt1 3.70704e-040 2.49805e-038
v -2.58823 -0.161049 0.206537
vn -0.697497 -0.5067 0.506708
#_#tangent 0.573453 0.0293407 0.818713
#_#binormal -0.429709 0.861623 0.270104
vt 0.343917 0.927758
#_#vt1 3.70704e-040 2.49805e-038
v -2.58823 -0.161049 0.206537
vn -0.697497 -0.5067 0.506708
#_#tangent 0.573453 0.0293407 0.818713
#_#binormal -0.429709 0.861623 0.270104
vt 0.780273 0.681725
#_#vt1 3.70704e-040 2.49805e-038
v -2.58823 -0.161049 0.206537
vn -1 0 0
#_#tangent 0 -0.707103 0.707111
#_#binormal 0 0.707111 0.707103
vt 0.551925 0.920785
#_#vt1 3.70704e-040 2.49805e-038
v -2.58823 -0.161049 0.206537
vn -0.017786 -0.999796 -0.00956041
#_#tangent 0.177741 0.00487864 -0.984065
#_#binormal 0.983694 0.0270111 0.177808
vt 0.328994 0.715988
#_#vt1 3.70704e-040 2.49805e-038
v -2.58823 -0.16105 0.119707
vn -0.712874 -0.700112 0.0406703
#_#tangent 0.245684 -0.239034 -0.939416
#_#binormal 0.673323 -0.655087 0.34278
vt 0.268722 0.927758
#_#vt1 3.70704e-040 2.49805e-038
v -2.58823 -0.16105 0.119707
vn -0.712874 -0.700112 0.0406703
#_#tangent 0.245684 -0.239034 -0.939416
#_#binormal 0.673323 -0.655087 0.34278
vt 0.334895 0.714921
#_#vt1 3.70704e-040 2.49805e-038
v -2.58823 -0.16105 0.119707
vn -1 0 0
#_#tangent 0 -1 7.66791e-006
#_#binormal 0 7.66791e-006 1
vt 0.343917 0.921761
#_#vt1 3.70704e-040 2.49805e-038
v -2.58823 -0.16105 0.119707
vn -6.90851e-007 -0.707113 -0.707101
#_#tangent 0.360162 0.666866 -0.65236
#_#binormal 0.932455 -0.235994 0.273558
vt 0.380403 0.710459
#_#vt1 3.70704e-040 2.49805e-038
v -2.58823 -0.0996521 0.0583093
vn -1 0 0
#_#tangent 0 -0.382684 0.923879
#_#binormal 0 0.923879 0.382684
vt 0.261007 0.77
#_#vt1 3.70704e-040 2.49805e-038
v -2.58823 -0.0996521 0.0583093
vn 0.0294732 -3.30953e-006 -0.999566
#_#tangent 0.177659 0.984078 0.00523303
#_#binormal 0.983651 -0.177736 0.0290045
vt 0.641495 0.708177
#_#vt1 3.70704e-040 2.49805e-038
v -2.58823 -0.0996521 0.0583093
vn -1 0 0
#_#tangent 0 -0.707108 -0.707106
#_#binormal 0 -0.707106 0.707108
vt 0.268722 0.921761
#_#vt1 3.70704e-040 2.49805e-038
v -2.58823 -0.0996521 0.0583093
vn -6.90851e-007 -0.707113 -0.707101
#_#tangent 0.360162 0.666866 -0.652359
#_#binormal 0.932455 -0.235994 0.273558
vt 0.385997 0.708298
#_#vt1 3.70704e-040 2.49805e-038
v -2.58823 -0.0128222 0.0583087
vn -1 0 0
#_#tangent 0 -0.382682 0.92388
#_#binormal 0 0.92388 0.382682
vt 0.258713 0.77554
#_#vt1 3.70704e-040 2.49805e-038
v -2.58823 -0.0128222 0.0583087
vn 0.0294732 -3.30953e-006 -0.999566
#_#tangent 0.177659 0.984078 0.00523085
#_#binormal 0.983651 -0.177736 0.0290045
vt 0.647395 0.707111
#_#vt1 3.70704e-040 2.49805e-038
v -2.58823 -0.0128222 0.0583087
vn -5.55828e-007 0.705939 -0.708273
#_#tangent 0.347958 -0.670233 -0.655525
#_#binormal -0.937034 -0.226361 -0.265946
vt 0.197161 0.672986
#_#vt1 3.70704e-040 2.49805e-038
v -1.68753 0.127968 0.372822
vn -0.849629 0.0145343 -0.52718
#_#tangent 0.315054 0.815631 -0.48527
#_#binormal 0.422931 -0.578389 -0.697563
vt 0.668081 0.958796
#_#vt1 3.70704e-040 2.49805e-038
v -1.68753 0.127968 0.372822
vn -0.849629 0.0145343 -0.52718
#_#tangent 0.315054 0.815631 -0.48527
#_#binormal 0.422931 -0.578389 -0.697563
vt 0.894769 0.946083
#_#vt1 3.70704e-040 2.49805e-038
v -1.68753 0.127968 0.372822
vn -0.849629 0.0145343 -0.52718
#_#tangent 0.315054 0.815631 -0.48527
#_#binormal 0.422931 -0.578389 -0.697563
vt 0.515313 0.788548
#_#vt1 3.70704e-040 2.49805e-038
v -2.17852 0.678618 -0.782969
vn -0.80627 0.579812 0.117249
#_#tangent -0.0999461 -0.396388 0.912627
#_#binormal 0.585325 0.718299 0.376086
vt 0.806614 0.835351
#_#vt1 3.70704e-040 2.49805e-038
v -2.17852 0.678618 -0.782969
vn -0.80627 0.579812 0.117249
#_#tangent -0.0999461 -0.396388 0.912627
#_#binormal 0.585325 0.718299 0.376086
vt 0.542369 0.896484
#_#vt1 3.70704e-040 2.49805e-038
v -2.17852 0.678618 -0.782969
vn -0.739611 0.64463 0.193461
#_#tangent -0.707811 -0.666776 -0.233264
#_#binormal 0.00381865 -0.333822 0.942628
vt 0.0966797 0.795911
#_#vt1 3.70704e-040 2.49805e-038
v -2.17852 0.678618 -0.782969
vn -0.443028 0.893163 -0.077368
#_#tangent -0.692984 -0.443709 -0.568239
#_#binormal -0.535951 -0.210124 0.817683
vt 0.871571 0.586966
#_#vt1 3.70704e-040 2.49805e-038
v -2.33954 0.0687266 -1.30923
vn -0.951534 0.0353159 -0.305509
#_#tangent 0.0593766 -0.947088 -0.315435
#_#binormal -0.345402 -0.315966 0.883664
vt 0.236549 0.820884
#_#vt1 3.70704e-040 2.49805e-038
v -2.33954 0.0687266 -1.30923
vn -0.951534 0.0353159 -0.305509
#_#tangent 0.0593766 -0.947088 -0.315435
#_#binormal -0.345402 -0.315966 0.883664
vt 0.704916 0.868712
#_#vt1 3.70704e-040 2.49805e-038
v -2.33954 0.0687266 -1.30923
vn -0.963987 -0.065896 -0.257658
#_#tangent 0.0959661 -0.989733 -0.105918
#_#binormal -0.248033 -0.12683 0.960413
vt 0.738281 0.777344
#_#vt1 3.70704e-040 2.49805e-038
v -2.33954 0.0687266 -1.30923
vn -0.888344 -0.0461038 -0.456859
#_#tangent 0.333195 -0.661041 -0.672314
#_#binormal -0.259536 -0.749816 0.608619
vt 0.0517578 0.799711
#_#vt1 3.70704e-040 2.49805e-038
v -2.33954 0.0687266 -1.30923
vn -0.888344 -0.0461038 -0.456859
#_#tangent 0.333195 -0.661041 -0.672314
#_#binormal -0.259536 -0.749816 0.608619
vt 0.786133 0.806383
#_#vt1 3.70704e-040 2.49805e-038
v -2.23987 -0.797258 -1.0721
vn -0.883349 -0.459909 -0.0904327
#_#tangent 0.456314 -0.799732 -0.390135
#_#binormal 0.107105 -0.385891 0.916306
vt 0.324199 0.811523
#_#vt1 3.70704e-040 2.49805e-038
v -2.23987 -0.797258 -1.0721
vn -0.82949 -0.54268 -0.132083
#_#tangent 0.152132 -0.447074 0.881465
#_#binormal -0.537404 0.711072 0.453402
vt 0.4311 0.891041
#_#vt1 3.70704e-040 2.49805e-038
v -2.23987 -0.797258 -1.0721
vn -0.82949 -0.54268 -0.132083
#_#tangent 0.152132 -0.447074 0.881465
#_#binormal -0.537404 0.711072 0.453402
vt 0.0361062 0.848173
#_#vt1 3.70704e-040 2.49805e-038
v -2.23987 -0.797258 -1.0721
vn -0.442684 -0.888083 -0.123851
#_#tangent 0.882237 -0.456069 0.116874
#_#binormal -0.160279 -0.0575276 0.985394
vt 0.843796 0.621682
#_#vt1 3.70704e-040 2.49805e-038
v -2.23987 -0.797258 -1.0721
vn -0.442684 -0.888083 -0.123851
#_#tangent 0.882237 -0.456069 0.116874
#_#binormal -0.160279 -0.0575276 0.985394
vt 0.354635 0.689961
#_#vt1 3.70704e-040 2.49805e-038
v -1.82486 -0.162255 0.355022
vn -0.783225 0.527558 -0.329001
#_#tangent 0.614786 0.578238 -0.536357
#_#binormal 0.0927189 0.622353 0.777225
vt 0.0293297 0.749436
#_#vt1 3.70704e-040 2.49805e-038
v -1.82486 -0.162255 0.355022
vn -0.783225 0.527558 -0.329001
#_#tangent 0.614786 0.578238 -0.536357
#_#binormal 0.0927189 0.622353 0.777225
vt 0.510742 0.763861
#_#vt1 3.70704e-040 2.49805e-038
v -1.82486 -0.162255 0.355022
vn -0.783225 0.527558 -0.329001
#_#tangent 0.614786 0.578238 -0.536357
#_#binormal 0.0927189 0.622353 0.777225
vt 0.47537 0.750977
#_#vt1 3.70704e-040 2.49805e-038
v -2.22004 -0.756972 -0.501043
vn -0.557405 -0.742174 0.372126
#_#tangent 0.0020153 -0.449423 -0.893317
#_#binormal 0.830238 -0.497189 0.252006
vt 0.570449 0.803909
#_#vt1 3.70704e-040 2.49805e-038
v -2.22004 -0.756972 -0.501043
vn -0.557405 -0.742174 0.372126
#_#tangent 0.0020153 -0.449423 -0.893317
#_#binormal 0.830238 -0.497189 0.252006
vt 0.851561 0.720703
#_#vt1 3.70704e-040 2.49805e-038
v -2.22004 -0.756972 -0.501043
vn -0.557405 -0.742174 0.372126
#_#tangent 0.0020153 -0.449423 -0.893317
#_#binormal 0.830238 -0.497189 0.252006
vt 0.676106 0.818321
#_#vt1 3.70704e-040 2.49805e-038
v -2.22004 -0.756972 -0.501043
vn -0.270374 -0.904401 0.330085
#_#tangent -0.883385 0.0967281 -0.458558
#_#binormal 0.382792 -0.415574 -0.825087
vt 0.246799 0.735352
#_#vt1 3.70704e-040 2.49805e-038
v -2.22004 -0.756972 -0.501043
vn -0.650826 -0.396227 0.647634
#_#tangent 0.0913643 -0.900501 -0.425148
#_#binormal 0.712361 -0.239224 0.659783
vt 0.738425 0.630753
#_#vt1 3.70704e-040 2.49805e-038
v -2.39794 0.210165 -0.673329
vn -0.884097 0.449965 -0.126109
#_#tangent 0.261647 0.700245 0.664227
#_#binormal 0.387186 0.554245 -0.736817
vt 0.140037 0.802863
#_#vt1 3.70704e-040 2.49805e-038
v -2.39794 0.210165 -0.673329
vn -0.884097 0.449965 -0.126109
#_#tangent 0.261647 0.700245 0.664227
#_#binormal 0.387186 0.554245 -0.736817
vt 0.25293 0.484238
#_#vt1 3.70704e-040 2.49805e-038
v -2.39794 0.210165 -0.673329
vn -0.884097 0.449965 -0.126109
#_#tangent 0.261647 0.700245 0.664227
#_#binormal 0.387186 0.554245 -0.736817
vt 0.934095 0.576172
#_#vt1 3.70704e-040 2.49805e-038
v -2.39794 0.210165 -0.673329
vn 0 0.571431 -0.82065
#_#tangent 0.178778 -0.807429 -0.562225
#_#binormal -0.98389 -0.146714 -0.102159
vt 0.0761719 0.677206
#_#vt1 3.70704e-040 2.49805e-038
v -2.43989 0.0261525 -0.788802
vn -0.960898 0.261164 -0.0920269
#_#tangent 0.0416328 0.495942 0.867357
#_#binormal 0.239221 0.837912 -0.490588
vt 0.885686 0.746821
#_#vt1 3.70704e-040 2.49805e-038
v -2.43989 0.0261525 -0.788802
vn -0.960898 0.261164 -0.0920269
#_#tangent 0.0416328 0.495942 0.867357
#_#binormal 0.239221 0.837912 -0.490588
vt 0.129883 0.791445
#_#vt1 3.70704e-040 2.49805e-038
v -2.43989 0.0261525 -0.788802
vn -0.993159 -0.105599 -0.0498398
#_#tangent 0.0180126 -0.560257 0.828123
#_#binormal -0.115372 0.82156 0.558327
vt 0.939513 0.709802
#_#vt1 3.70704e-040 2.49805e-038
v -2.43989 0.0261525 -0.788802
vn -0.951534 0.0353159 -0.305509
#_#tangent 0.289021 -0.236848 -0.927561
#_#binormal -0.105117 -0.970905 0.215161
vt 0.513541 0.883789
#_#vt1 3.70704e-040 2.49805e-038
v -2.37128 0.494923 -1.08444
vn -0.803496 -0.567814 0.17883
#_#tangent -0.569076 0.820806 0.0492923
#_#binormal -0.174774 -0.0621619 -0.982644
vt 0.682949 0.769531
#_#vt1 3.70704e-040 2.49805e-038
v -2.37128 0.494923 -1.08444
vn -0.803496 -0.567814 0.17883
#_#tangent -0.569076 0.820806 0.0492923
#_#binormal -0.174774 -0.0621619 -0.982644
vt 0.548948 0.638195
#_#vt1 3.70704e-040 2.49805e-038
v -2.37128 0.494923 -1.08444
vn -0.919752 0.292123 0.262145
#_#tangent -0.260352 -0.953871 0.14949
#_#binormal 0.293722 0.0692442 0.95338
vt 0.843512 0.729901
#_#vt1 3.70704e-040 2.49805e-038
v -2.37128 0.494923 -1.08444
vn -0.919752 0.292123 0.262145
#_#tangent -0.260352 -0.953871 0.14949
#_#binormal 0.293722 0.0692442 0.95338
vt 0.943359 0.604489
#_#vt1 3.70704e-040 2.49805e-038
v -2.37128 0.494923 -1.08444
vn -0.919752 0.292123 0.262145
#_#tangent -0.260352 -0.953871 0.14949
#_#binormal 0.293722 0.0692442 0.95338
vt 0.81255 0.732455
#_#vt1 3.70704e-040 2.49805e-038
v -2.37128 0.494923 -1.08444
vn -0.753412 0.639689 -0.152212
#_#tangent -0.629143 -0.768588 -0.115983
#_#binormal -0.191181 0.00838002 0.981519
vt 0.639744 0.837831
#_#vt1 3.70704e-040 2.49805e-038
v -2.35924 -0.390515 -1.2399
vn -0.97217 0.0463214 -0.229653
#_#tangent -0.148714 -0.879457 0.452151
#_#binormal -0.181026 0.47372 0.86187
vt 0.717066 0.707856
#_#vt1 3.70704e-040 2.49805e-038
v -2.35924 -0.390515 -1.2399
vn -0.934317 -0.133374 -0.330549
#_#tangent -0.0518365 0.968339 -0.244198
#_#binormal 0.352653 -0.211024 -0.911649
vt 0.878998 0.740813
#_#vt1 3.70704e-040 2.49805e-038
v -2.35924 -0.390515 -1.2399
vn -0.934317 -0.133374 -0.330549
#_#tangent -0.0518365 0.968339 -0.244198
#_#binormal 0.352653 -0.211024 -0.911649
vt 0.795133 0.637689
#_#vt1 3.70704e-040 2.49805e-038
v -2.35924 -0.390515 -1.2399
vn -0.934317 -0.133374 -0.330549
#_#tangent -0.0518365 0.968339 -0.244198
#_#binormal 0.352653 -0.211024 -0.911649
vt 0.905273 0.657227
#_#vt1 3.70704e-040 2.49805e-038
v -2.35924 -0.390515 -1.2399
vn -0.811914 -0.135289 -0.567885
#_#tangent 0.582499 -0.123393 -0.803411
#_#binormal 0.0386196 -0.983093 0.17899
vt 0.297852 0.725158
#_#vt1 3.70704e-040 2.49805e-038
v -1.95441 -0.966909 -1.03501
vn -0.376381 -0.908663 -0.180744
#_#tangent -0.401158 0.299411 -0.865694
#_#binormal 0.827984 -0.285718 -0.482502
vt 0.616211 0.729492
#_#vt1 3.70704e-040 2.49805e-038
v -1.95441 -0.966909 -1.03501
vn -0.376381 -0.908663 -0.180744
#_#tangent -0.401158 0.299411 -0.865694
#_#binormal 0.827984 -0.285718 -0.482502
vt 0.84414 0.644754
#_#vt1 3.70704e-040 2.49805e-038
v -1.95441 -0.966909 -1.03501
vn -0.161347 -0.986537 0.0266928
#_#tangent -0.341455 0.0991458 0.934654
#_#binormal -0.932043 0.0925775 -0.350322
vt 0.777477 0.758789
#_#vt1 3.70704e-040 2.49805e-038
v -1.95441 -0.966909 -1.03501
vn -0.161347 -0.986537 0.0266928
#_#tangent -0.341455 0.0991458 0.934654
#_#binormal -0.932043 0.0925775 -0.350322
vt 0.931641 0.645214
#_#vt1 3.70704e-040 2.49805e-038
v -1.95441 -0.966909 -1.03501
vn -0.489839 -0.858006 -0.154542
#_#tangent -0.0912312 -0.125845 0.987846
#_#binormal -0.867026 0.497985 -0.0166333
vt 0.356841 0.666992
#_#vt1 3.70704e-040 2.49805e-038
v -1.80801 -0.769416 -0.419921
vn 0.331918 -0.534925 0.776972
#_#tangent 0.527779 -0.577372 -0.622969
#_#binormal 0.781844 0.616844 0.0906817
vt 0.454951 0.709467
#_#vt1 3.70704e-040 2.49805e-038
v -1.80801 -0.769416 -0.419921
vn 0.331918 -0.534925 0.776972
#_#tangent 0.527779 -0.577372 -0.622969
#_#binormal 0.781844 0.616844 0.0906817
vt 0.169271 0.776367
#_#vt1 3.70704e-040 2.49805e-038
v -1.80801 -0.769416 -0.419921
vn 0.331918 -0.534925 0.776972
#_#tangent 0.527779 -0.577372 -0.622969
#_#binormal 0.781844 0.616844 0.0906817
vt 0.321836 0.907227
#_#vt1 3.70704e-040 2.49805e-038
v -1.80801 -0.769416 -0.419921
vn 0.331918 -0.534925 0.776972
#_#tangent 0.527779 -0.577372 -0.622969
#_#binormal 0.781844 0.616844 0.0906817
vt 0.906743 0.849729
#_#vt1 3.70704e-040 2.49805e-038
v -1.80801 -0.769416 -0.419921
vn 0.331918 -0.534925 0.776972
#_#tangent 0.527779 -0.577372 -0.622969
#_#binormal 0.781844 0.616844 0.0906817
vt 0.239989 0.485721
#_#vt1 3.70704e-040 2.49805e-038
v -1.80801 -0.769416 -0.419921
vn 0.0253154 -0.804219 0.593794
#_#tangent -0.605243 0.443704 0.660914
#_#binormal -0.792301 -0.41615 -0.446181
vt 0.864258 0.66457
#_#vt1 3.70704e-040 2.49805e-038
v -1.80801 -0.769416 -0.419921
vn 0.0253154 -0.804219 0.593794
#_#tangent -0.605243 0.443704 0.660914
#_#binormal -0.792301 -0.41615 -0.446181
vt 0.873079 0.600132
#_#vt1 3.70704e-040 2.49805e-038
v -1.41474 -0.281507 0.373184
vn 0.302986 -0.829542 0.469104
#_#tangent -0.847919 -0.00996575 0.530032
#_#binormal -0.435009 -0.558355 -0.706404
vt 0.799586 0.924007
#_#vt1 3.70704e-040 2.49805e-038
v -1.41474 -0.281507 0.373184
vn 0.302986 -0.829542 0.469104
#_#tangent -0.847919 -0.00996575 0.530032
#_#binormal -0.435009 -0.558355 -0.706404
vt 0.239667 0.413938
#_#vt1 3.70704e-040 2.49805e-038
v -1.39363 -0.0344865 0.491858
vn 0.162169 0.139606 0.976838
#_#tangent 0.664062 0.716789 -0.212684
#_#binormal -0.729879 0.683172 0.023534
vt 0.195313 0.869141
#_#vt1 3.70704e-040 2.49805e-038
v -1.39363 -0.0344865 0.491858
vn 0.389628 0.00337982 0.920966
#_#tangent -0.774712 0.503017 0.38314
#_#binormal -0.474276 -0.863004 0.17403
vt 0.660156 0.852103
#_#vt1 3.70704e-040 2.49805e-038
v -1.39363 -0.0344865 0.491858
vn 0.389628 0.00337982 0.920966
#_#tangent -0.774712 0.503017 0.38314
#_#binormal -0.474276 -0.863004 0.17403
vt 0.949582 0.685666
#_#vt1 3.70704e-040 2.49805e-038
v -1.39363 -0.0344865 0.491858
vn 0.389628 0.00337982 0.920966
#_#tangent -0.774712 0.503017 0.38314
#_#binormal -0.474276 -0.863004 0.17403
vt 0.0777455 0.690955
#_#vt1 3.70704e-040 2.49805e-038
v -1.46961 0.299538 0.353619
vn 0.19923 0.590999 0.781683
#_#tangent -0.136085 -0.773259 0.619315
#_#binormal 0.970458 -0.229762 -0.0736305
vt 0.797852 0.735352
#_#vt1 3.70704e-040 2.49805e-038
v -1.46961 0.299538 0.353619
vn 0.162269 0.7547 0.635686
#_#tangent 0.0365663 0.639183 -0.768185
#_#binormal -0.986069 0.147897 0.0761229
vt 0.784957 0.835946
#_#vt1 3.70704e-040 2.49805e-038
v -1.46961 0.299538 0.353619
vn 0.162269 0.7547 0.635686
#_#tangent 0.0365663 0.639183 -0.768185
#_#binormal -0.986069 0.147897 0.0761229
vt 0.474969 0.909719
#_#vt1 3.70704e-040 2.49805e-038
v -1.46961 0.299538 0.353619
vn 0.162269 0.7547 0.635686
#_#tangent 0.0365663 0.639183 -0.768185
#_#binormal -0.986069 0.147897 0.0761229
vt 0.286133 0.807974
#_#vt1 3.70704e-040 2.49805e-038
v -1.96973 0.715003 -0.596794
vn 0.011669 0.904385 0.426558
#_#tangent 0.843009 0.220525 -0.490616
#_#binormal -0.537772 0.365317 -0.759832
vt 0.875544 0.70028
#_#vt1 3.70704e-040 2.49805e-038
v -1.96973 0.715003 -0.596794
vn 0.011669 0.904385 0.426558
#_#tangent 0.843009 0.220525 -0.490616
#_#binormal -0.537772 0.365317 -0.759832
vt 0.557102 0.758975
#_#vt1 3.70704e-040 2.49805e-038
v -1.96973 0.715003 -0.596794
vn 0.011669 0.904385 0.426558
#_#tangent 0.843009 0.220525 -0.490616
#_#binormal -0.537772 0.365317 -0.759832
vt 0.689453 0.681809
#_#vt1 3.70704e-040 2.49805e-038
v -1.96973 0.715003 -0.596794
vn 7.42786e-008 0.990389 0.13831
#_#tangent 0.762619 -0.124798 0.634695
#_#binormal 0.646562 0.117914 -0.753694
vt 0.385212 0.640625
#_#vt1 3.70704e-040 2.49805e-038
v -1.96973 0.715003 -0.596794
vn 7.42786e-008 0.990389 0.13831
#_#tangent 0.999121 -0.0145403 0.0393164
#_#binormal 0.0412248 0.17084 -0.984436
vt 0.331641 0.744141
#_#vt1 3.70704e-040 2.49805e-038
v -2.09595 0.688003 -1.24593
vn -0.559903 0.731605 -0.388925
#_#tangent 0.789275 0.613767 0.018303
#_#binormal 0.2521 -0.29672 -0.921088
vt 0.621927 0.769073
#_#vt1 3.70704e-040 2.49805e-038
v -2.09595 0.688003 -1.24593
vn -0.1926 0.959492 -0.20562
#_#tangent 0.0794614 -0.193605 -0.977856
#_#binormal -0.978055 -0.204674 -0.0389544
vt 0.543679 0.688933
#_#vt1 3.70704e-040 2.49805e-038
v -2.09595 0.688003 -1.24593
vn -0.443028 0.893163 -0.077368
#_#tangent -0.697544 -0.435923 -0.568687
#_#binormal -0.525191 -0.228868 0.81963
vt 0.885491 0.557617
#_#vt1 3.70704e-040 2.49805e-038
v -2.09595 0.688003 -1.24593
vn -0.243122 0.806697 -0.538638
#_#tangent -0.863779 0.0726032 0.498613
#_#binormal 0.441337 0.586488 0.679157
vt 0.723874 0.533288
#_#vt1 3.70704e-040 2.49805e-038
v -2.16729 0.381736 -1.50521
vn -0.791002 0.162032 -0.589967
#_#tangent 0.0720639 -0.924221 -0.374997
#_#binormal -0.621412 -0.33569 0.707926
vt 0.0810547 0.772507
#_#vt1 3.70704e-040 2.49805e-038
v -2.16729 0.381736 -1.50521
vn -0.791002 0.162032 -0.589967
#_#tangent 0.0720639 -0.924221 -0.374997
#_#binormal -0.621412 -0.33569 0.707926
vt 0.501838 0.776367
#_#vt1 3.70704e-040 2.49805e-038
v -2.16729 0.381736 -1.50521
vn -0.534264 0.375303 -0.757436
#_#tangent -0.592466 0.472875 0.652206
#_#binormal 0.602948 0.797206 -0.0302862
vt 0.838867 0.899075
#_#vt1 3.70704e-040 2.49805e-038
v -2.16729 0.381736 -1.50521
vn -0.534264 0.375303 -0.757436
#_#tangent -0.592466 0.472875 0.652206
#_#binormal 0.602948 0.797206 -0.0302862
vt 0.717808 0.505416
#_#vt1 3.70704e-040 2.49805e-038
v -2.16729 0.381736 -1.50521
vn -0.620333 0.133367 -0.772917
#_#tangent 0.708955 0.516879 -0.479811
#_#binormal 0.335514 -0.845606 -0.415188
vt 0.72316 0.72078
#_#vt1 3.70704e-040 2.49805e-038
v -2.15298 -0.149021 -1.58351
vn -0.769826 -0.133279 -0.624183
#_#tangent 0.421064 -0.833854 -0.356922
#_#binormal -0.442285 -0.532306 0.721827
vt 0.962097 0.77832
#_#vt1 3.70704e-040 2.49805e-038
v -2.15298 -0.149021 -1.58351
vn -0.715044 0.0418008 -0.697829
#_#tangent 0.682413 0.258402 -0.683769
#_#binormal 0.151738 -0.965133 -0.213294
vt 0.622326 0.822233
#_#vt1 3.70704e-040 2.49805e-038
v -2.15298 -0.149021 -1.58351
vn -0.594338 -0.074991 -0.800711
#_#tangent 0.650653 -0.630012 -0.423952
#_#binormal -0.472665 -0.772956 0.423233
vt 0.311264 0.548462
#_#vt1 3.70704e-040 2.49805e-038
v -2.10482 -0.717351 -1.42825
vn -0.707107 -0.465158 -0.532568
#_#tangent -0.720823 0.305884 0.621972
#_#binormal -0.154782 0.803654 -0.574616
vt 0.444336 0.82321
#_#vt1 3.70704e-040 2.49805e-038
v -2.10482 -0.717351 -1.42825
vn -0.514702 -0.57741 -0.633782
#_#tangent 0.771661 -0.634149 -0.0489303
#_#binormal -0.37366 -0.51425 0.771962
vt 0.0896181 0.822175
#_#vt1 3.70704e-040 2.49805e-038
v -2.10482 -0.717351 -1.42825
vn -0.514702 -0.57741 -0.633782
#_#tangent 0.771661 -0.634149 -0.0489303
#_#binormal -0.37366 -0.51425 0.771962
vt 0.519085 0.653977
#_#vt1 3.70704e-040 2.49805e-038
v -2.10482 -0.717351 -1.42825
vn -0.514702 -0.57741 -0.633782
#_#tangent 0.771661 -0.634149 -0.0489303
#_#binormal -0.37366 -0.51425 0.771962
vt 0.583984 0.708162
#_#vt1 3.70704e-040 2.49805e-038
v -1.72547 -0.00592446 0.408992
vn -0.8378 0.481247 -0.257863
#_#tangent 0.252444 -0.0773309 -0.964516
#_#binormal -0.484111 -0.873167 -0.0567002
vt 0.545857 0.737259
#_#vt1 3.70704e-040 2.49805e-038
v -1.72547 -0.00592446 0.408992
vn -0.8378 0.481247 -0.257863
#_#tangent 0.252444 -0.0773309 -0.964516
#_#binormal -0.484111 -0.873167 -0.0567002
vt 0.317368 0.757813
#_#vt1 3.70704e-040 2.49805e-038
v -1.79041 -0.337973 0.345783
vn -0.991739 0.124019 0.0327471
#_#tangent -0.0245161 0.067323 -0.99743
#_#binormal -0.125905 -0.989993 -0.0637264
vt 0.424741 0.79922
#_#vt1 3.70704e-040 2.49805e-038
v -1.79041 -0.337973 0.345783
vn -0.991739 0.124019 0.0327471
#_#tangent -0.0245161 0.067323 -0.99743
#_#binormal -0.125905 -0.989993 -0.0637264
vt 0.769768 0.752311
#_#vt1 3.70704e-040 2.49805e-038
v -2.31717 -0.661781 -1.00601
vn -0.930121 0.0650641 0.361443
#_#tangent -0.196222 -0.920041 -0.339149
#_#binormal 0.290892 -0.384922 0.875909
vt 0.3125 0.811523
#_#vt1 3.70704e-040 2.49805e-038
v -2.31717 -0.661781 -1.00601
vn -0.930121 0.0650641 0.361443
#_#tangent -0.196222 -0.920041 -0.339149
#_#binormal 0.290892 -0.384922 0.875909
vt 0.432461 0.902661
#_#vt1 3.70704e-040 2.49805e-038
v -2.31717 -0.661781 -1.00601
vn -0.930121 0.0650641 0.361443
#_#tangent -0.196222 -0.920041 -0.339149
#_#binormal 0.290892 -0.384922 0.875909
vt 0.594564 0.911903
#_#vt1 3.70704e-040 2.49805e-038
v -2.31717 -0.661781 -1.00601
vn -0.930121 0.0650641 0.361443
#_#tangent -0.196222 -0.920041 -0.339149
#_#binormal 0.290892 -0.384922 0.875909
vt 0.252965 0.682857
#_#vt1 3.70704e-040 2.49805e-038
v -2.31717 -0.661781 -1.00601
vn -0.772063 0.164807 0.613806
#_#tangent -0.138936 0.929421 -0.341867
#_#binormal -0.652514 -0.345598 -0.67438
vt 0.326042 0.951202
#_#vt1 3.70704e-040 2.49805e-038
v -2.31717 -0.661781 -1.00601
vn -0.772063 0.164807 0.613806
#_#tangent -0.138936 0.929421 -0.341867
#_#binormal -0.652514 -0.345598 -0.67438
vt 0.563268 0.671969
#_#vt1 3.70704e-040 2.49805e-038
v -2.46167 -0.279554 -0.637714
vn -0.684001 -0.373692 -0.626495
#_#tangent -0.600117 0.776523 0.192021
#_#binormal 0.414731 0.507313 -0.755402
vt 0.473693 0.882813
#_#vt1 3.70704e-040 2.49805e-038
v -2.46167 -0.279554 -0.637714
vn -0.684001 -0.373692 -0.626495
#_#tangent -0.600117 0.776523 0.192021
#_#binormal 0.414731 0.507313 -0.755402
vt 0.198765 0.635742
#_#vt1 3.70704e-040 2.49805e-038
v -2.46167 -0.279554 -0.637714
vn -0.928837 -0.321292 0.18448
#_#tangent 0.312254 -0.410901 0.856538
#_#binormal -0.199395 0.85319 0.481985
vt 0.363535 0.918835
#_#vt1 3.70704e-040 2.49805e-038
v -2.46167 -0.279554 -0.637714
vn -0.928837 -0.321292 0.18448
#_#tangent 0.312254 -0.410901 0.856538
#_#binormal -0.199395 0.85319 0.481985
vt 0.509834 0.620035
#_#vt1 3.70704e-040 2.49805e-038
v -2.46167 -0.279554 -0.637714
vn -0.928837 -0.321292 0.18448
#_#tangent 0.312254 -0.410901 0.856538
#_#binormal -0.199395 0.85319 0.481985
vt 0.750775 0.602557
#_#vt1 3.70704e-040 2.49805e-038
v -2.46167 -0.279554 -0.637714
vn -0.928837 -0.321292 0.18448
#_#tangent 0.312254 -0.410901 0.856538
#_#binormal -0.199395 0.85319 0.481985
vt 0.596778 0.882813
#_#vt1 3.70704e-040 2.49805e-038
v -2.46167 -0.279554 -0.637714
vn -0.928837 -0.321292 0.18448
#_#tangent 0.312254 -0.410901 0.856538
#_#binormal -0.199395 0.85319 0.481985
vt 0.682617 0.893555
#_#vt1 3.70704e-040 2.49805e-038
v -2.46167 -0.279554 -0.637714
vn -0.928837 -0.321292 0.18448
#_#tangent 0.312254 -0.410901 0.856538
#_#binormal -0.199395 0.85319 0.481985
vt 0.774981 0.811349
#_#vt1 3.70704e-040 2.49805e-038
v -2.24606 -0.828377 -0.853327
vn -0.902374 -0.430604 -0.017352
#_#tangent 0.315466 -0.68745 0.654136
#_#binormal -0.293602 0.584801 0.756178
vt 0.319828 0.826151
#_#vt1 3.70704e-040 2.49805e-038
v -2.24606 -0.828377 -0.853327
vn -0.902374 -0.430604 -0.017352
#_#tangent 0.315466 -0.68745 0.654136
#_#binormal -0.293602 0.584801 0.756178
vt 0.172477 0.912109
#_#vt1 3.70704e-040 2.49805e-038
v -2.24606 -0.828377 -0.853327
vn -0.902374 -0.430604 -0.017352
#_#tangent 0.315466 -0.68745 0.654136
#_#binormal -0.293602 0.584801 0.756178
vt 0.321289 0.935547
#_#vt1 3.70704e-040 2.49805e-038
v -2.24606 -0.828377 -0.853327
vn -0.587885 -0.808858 0.0118373
#_#tangent 0.652376 -0.482704 -0.584296
#_#binormal 0.478326 -0.335777 0.811454
vt 0.566755 0.779297
#_#vt1 3.70704e-040 2.49805e-038
v -2.24606 -0.828377 -0.853327
vn -0.587885 -0.808858 0.0118373
#_#tangent 0.652376 -0.482704 -0.584296
#_#binormal 0.478326 -0.335777 0.811454
vt 0.828703 0.623981
#_#vt1 3.70704e-040 2.49805e-038
v -2.24606 -0.828377 -0.853327
vn -0.454147 -0.866045 0.209085
#_#tangent -0.882774 0.405748 -0.236809
#_#binormal 0.120252 -0.292121 -0.948791
vt 0.856908 0.74501
#_#vt1 3.70704e-040 2.49805e-038
v -2.09986 -0.582756 -0.271155
vn -0.354211 -0.738831 0.573292
#_#tangent 0.300084 0.490819 0.817953
#_#binormal -0.885711 0.461764 0.0478578
vt 0.582277 0.8647
#_#vt1 3.70704e-040 2.49805e-038
v -2.09986 -0.582756 -0.271155
vn -0.354211 -0.738831 0.573292
#_#tangent 0.300084 0.490819 0.817953
#_#binormal -0.885711 0.461764 0.0478578
vt 0.797852 0.786852
#_#vt1 3.70704e-040 2.49805e-038
v -2.09986 -0.582756 -0.271155
vn -0.627311 -0.476889 0.615677
#_#tangent 0.114445 -0.876951 -0.466754
#_#binormal 0.771702 -0.2174 0.597674
vt 0.722167 0.644944
#_#vt1 3.70704e-040 2.49805e-038
v -2.27148 0.54649 -0.689298
vn -0.897133 0.261698 0.355902
#_#tangent 0.385903 0.840357 0.38063
#_#binormal -0.168609 0.469887 -0.866474
vt 0.798828 0.82507
#_#vt1 3.70704e-040 2.49805e-038
v -2.27148 0.54649 -0.689298
vn -0.897133 0.261698 0.355902
#_#tangent 0.385903 0.840357 0.38063
#_#binormal -0.168609 0.469887 -0.866474
vt 0.105799 0.80503
#_#vt1 3.70704e-040 2.49805e-038
v -2.27148 0.54649 -0.689298
vn -0.897133 0.261698 0.355902
#_#tangent 0.385903 0.840357 0.38063
#_#binormal -0.168609 0.469887 -0.866474
vt 0.830078 0.593255
#_#vt1 3.70704e-040 2.49805e-038
v -2.27148 0.54649 -0.689298
vn -0.897133 0.261698 0.355902
#_#tangent 0.385903 0.840357 0.38063
#_#binormal -0.168609 0.469887 -0.866474
vt 0.270452 0.502092
#_#vt1 3.70704e-040 2.49805e-038
v -2.27148 0.54649 -0.689298
vn -0.831538 0.119949 -0.542362
#_#tangent -0.418455 -0.77739 0.469639
#_#binormal -0.365293 0.617477 0.696623
vt 0.82336 0.791992
#_#vt1 3.70704e-040 2.49805e-038
v -2.27148 0.54649 -0.689298
vn -0.831538 0.119949 -0.542362
#_#tangent -0.418455 -0.77739 0.469639
#_#binormal -0.365293 0.617477 0.696623
vt 0.0309903 0.640151
#_#vt1 3.70704e-040 2.49805e-038
v -2.42147 0.0637961 -0.508432
vn -0.847292 -0.507033 0.158158
#_#tangent -0.522477 0.742154 -0.419791
#_#binormal 0.0954701 -0.43832 -0.893735
vt 0.0711081 0.944336
#_#vt1 3.70704e-040 2.49805e-038
v -2.42147 0.0637961 -0.508432
vn -0.847292 -0.507033 0.158158
#_#tangent -0.522477 0.742154 -0.419791
#_#binormal 0.0954701 -0.43832 -0.893735
vt 0.293588 0.689675
#_#vt1 3.70704e-040 2.49805e-038
v -2.42147 0.0637961 -0.508432
vn -0.697497 -0.5067 0.506708
#_#tangent -0.357293 -0.407522 -0.840397
#_#binormal 0.60508 -0.786433 0.124105
vt 0.666992 0.68345
#_#vt1 3.70704e-040 2.49805e-038
v -2.42147 0.0637961 -0.508432
vn -0.697497 -0.5067 0.506708
#_#tangent -0.357293 -0.407522 -0.840397
#_#binormal 0.60508 -0.786433 0.124105
vt 0.929427 0.59086
#_#vt1 3.70704e-040 2.49805e-038
v -2.17074 0.628355 -0.56455
vn -0.739611 0.64463 0.193461
#_#tangent 0.65792 0.654499 0.372522
#_#binormal 0.126181 0.391862 -0.91133
vt 0.810315 0.820313
#_#vt1 3.70704e-040 2.49805e-038
v -2.17074 0.628355 -0.56455
vn -0.621383 0.510659 0.594231
#_#tangent 0.112448 -0.692449 0.71265
#_#binormal 0.775396 0.509649 0.372853
vt 0.814568 0.800784
#_#vt1 3.70704e-040 2.49805e-038
v -2.17074 0.628355 -0.56455
vn -0.621383 0.510659 0.594231
#_#tangent 0.112448 -0.692449 0.71265
