v 1.22475 0 -0.707107
vn 0.861905 0.0209192 -0.506638
#_#tangent -0.493606 -0.194102 -0.847749
#_#binormal -0.116074 0.980758 -0.156971
vt 0.600628 0.758528
v 0.353553 0.612372 -1.22475
vn 0.197378 0.505717 -0.839817
#_#tangent -0.949992 -0.112791 -0.291193
#_#binormal -0.241985 0.855294 0.458164
vt 0.710416 0.862368
v 0.612372 1.06066 -0.707107
vn 0.412835 0.756891 -0.506639
#_#tangent -0.838825 0.0992232 -0.535283
#_#binormal -0.354881 0.645965 0.675862
vt 0.62763 0.946399
v 0.612372 1.06066 -0.707107
vn 0.412835 0.756891 -0.506639
#_#tangent -0.838825 0.0992232 -0.535283
#_#binormal -0.354881 0.645965 0.675862
vt 0.00976563 0.184809
v 0.707107 1.22475 0
vn 0.5 0.866025 2.14907e-007
#_#tangent -0.847359 0.489223 0.206504
#_#binormal 0.178838 -0.103252 0.978446
vt 0.498495 0.964672
v 0.707107 1.22475 0
vn 0.5 0.866025 2.14907e-007
#_#tangent -0.847359 0.489223 0.206504
#_#binormal 0.178838 -0.103252 0.978446
vt 0.0655812 0.293281
v 0.612372 1.06066 0.707107
vn 0.449069 0.735972 0.506639
#_#tangent -0.387225 -0.350706 0.852679
#_#binormal 0.805229 -0.579095 0.127496
vt 0.160847 0.336232
v 0.353553 0.612372 1.22475
vn 0.339274 0.423794 0.839817
#_#tangent -0.532912 -0.649098 0.542841
#_#binormal 0.775176 -0.631721 0.00562277
vt 0.248702 0.361906
v -0.353553 0.612372 1.22475
vn -0.197378 0.505717 0.839817
#_#tangent -0.486441 -0.79429 0.363976
#_#binormal 0.851127 -0.33668 0.402777
vt 0.286681 0.310939
v -0.612372 1.06066 0.707107
vn -0.412835 0.756891 0.506639
#_#tangent -0.627766 -0.639482 0.443816
#_#binormal 0.659907 -0.134828 0.739151
vt 0.238343 0.24521
v -0.707107 1.22475 0
vn -0.5 0.866025 -2.14907e-007
#_#tangent -0.817341 -0.471892 0.330563
#_#binormal 0.286276 0.165282 0.943784
vt 0.214295 0.166175
v -0.612372 1.06066 -0.707107
vn -0.449069 0.735972 -0.506639
#_#tangent -0.887234 -0.434322 0.155497
#_#binormal -0.105603 0.519336 0.84802
vt 0.861277 0.988701
v -0.612372 1.06066 -0.707107
vn -0.449069 0.735972 -0.506639
#_#tangent -0.887234 -0.434322 0.155497
#_#binormal -0.105603 0.519336 0.84802
vt 0.182185 0.0652278
v -0.353553 0.612372 -1.22475
vn -0.339274 0.423794 -0.839817
#_#tangent -0.940163 -0.18258 0.287678
#_#binormal -0.0314177 0.887166 0.46038
vt 0.809462 0.882574
v 0 0 -1.41421
vn 0 -2.59968e-009 -1
#_#tangent -0.982166 -0.188014 4.88777e-010
#_#binormal -0.188014 0.982166 -2.55332e-009
vt 0.77849 0.803371
v -0.707107 0 -1.22475
vn -0.536653 -0.0819236 -0.839817
#_#tangent -0.842583 -0.00147883 0.538565
#_#binormal -0.0453631 0.996638 -0.0682338
vt 0.876213 0.807966
v -1.22475 0 -0.707107
vn -0.861905 -0.0209192 -0.506638
#_#tangent -0.422089 -0.524095 0.739707
#_#binormal -0.281001 0.851403 0.44289
vt 0.989241 0.787968
v -1.22475 0 -0.707107
vn -0.861905 -0.0209192 -0.506638
#_#tangent -0.422089 -0.524095 0.739707
#_#binormal -0.281001 0.851403 0.44289
vt 0.422198 0.00976563
v -1.41421 0 0
vn -1 -1.17757e-008 0
#_#tangent 1.16749e-008 -0.991441 -0.130555
#_#binormal 1.53737e-009 -0.130555 0.991441
vt 0.416896 0.133679
v -1.22475 0 0.707107
vn -0.861905 0.0209192 0.506638
#_#tangent -0.157573 -0.960732 -0.228398
#_#binormal 0.481966 -0.276689 0.831356
vt 0.401243 0.234143
v -0.707107 0 1.22475
vn -0.536653 0.0819236 0.839817
#_#tangent -0.316568 -0.942125 -0.110387
#_#binormal 0.782169 -0.325098 0.531528
vt 0.374154 0.314135
v -0.353553 -0.612372 1.22475
vn -0.339274 -0.423794 0.839817
#_#tangent -0.289294 -0.802496 -0.521832
#_#binormal 0.895099 -0.419998 0.149665
vt 0.447731 0.380909
v -0.612372 -1.06066 0.707107
vn -0.449069 -0.735972 0.506639
#_#tangent -0.143329 -0.500349 -0.853878
#_#binormal 0.881926 -0.456066 0.119205
vt 0.836522 0.391473
v -0.612372 -1.06066 0.707107
vn -0.449069 -0.735972 0.506639
#_#tangent -0.143329 -0.500349 -0.853878
#_#binormal 0.881926 -0.456066 0.119205
vt 0.584429 0.350231
v -0.707107 -1.22475 0
vn -0.5 -0.866025 2.14907e-007
#_#tangent -0.652647 0.376806 -0.65732
#_#binormal 0.569255 -0.32866 -0.753612
vt 0.887194 0.530861
v -0.707107 -1.22475 0
vn -0.5 -0.866025 2.14907e-007
#_#tangent -0.652647 0.376806 -0.65732
#_#binormal 0.569255 -0.32866 -0.753612
vt 0.695181 0.209178
v -0.612372 -1.06066 -0.707107
vn -0.412835 -0.756891 -0.506639
#_#tangent -0.910619 0.331743 0.246413
#_#binormal -0.0184341 0.563083 -0.826195
vt 0.860418 0.646506
v -0.353553 -0.612372 -1.22475
vn -0.197378 -0.505717 -0.839817
#_#tangent -0.979963 0.0784344 0.183085
#_#binormal -0.0267187 0.859127 -0.511065
vt 0.837785 0.74974
v 0.353553 -0.612372 -1.22475
vn 0.339274 -0.423794 -0.839817
#_#tangent -0.940681 -0.156061 -0.30127
#_#binormal -0.00338663 0.892213 -0.451602
vt 0.743875 0.732949
v 0.612372 -1.06066 -0.707107
vn 0.449069 -0.735972 -0.506639
#_#tangent -0.859626 -0.20123 -0.469628
#_#binormal 0.243682 0.646415 -0.723026
vt 0.701155 0.653882
v 0.707107 -1.22475 0
vn 0.5 -0.866025 -2.14907e-007
#_#tangent -0.760076 -0.43883 -0.479284
#_#binormal 0.415072 0.239642 -0.87766
vt 0.653386 0.56359
v 0.612372 -1.06066 0.707107
vn 0.412835 -0.756891 0.506639
#_#tangent -0.749029 -0.598609 -0.283943
#_#binormal 0.518192 -0.262265 -0.81406
vt 0.594313 0.445357
v 0.612372 -1.06066 0.707107
vn 0.412835 -0.756891 0.506639
#_#tangent -0.749029 -0.598609 -0.283943
#_#binormal 0.518192 -0.262265 -0.81406
vt 0.434438 0.577934
v 0.353553 -0.612372 1.22475
vn 0.197378 -0.505717 0.839817
#_#tangent -0.591246 -0.744738 -0.309505
#_#binormal 0.781965 -0.435449 -0.445999
vt 0.375786 0.461037
v 0 0 1.41421
vn 0 -2.59968e-009 1
#_#tangent -0.537489 -0.84327 -2.19224e-009
#_#binormal 0.84327 -0.537489 -1.3973e-009
vt 0.333853 0.37792
v 0.707107 0 1.22475
vn 0.536653 -0.0819236 0.839817
#_#tangent -0.544038 -0.79438 0.270155
#_#binormal 0.645001 -0.601871 -0.470876
vt 0.270068 0.438593
v 1.22475 0 0.707107
vn 0.861905 -0.0209192 0.506638
#_#tangent -0.296888 -0.830803 0.470769
#_#binormal 0.411069 -0.556173 -0.722284
vt 0.417792 0.603049
v 1.22475 0 0.707107
vn 0.861905 -0.0209192 0.506638
#_#tangent -0.296888 -0.830803 0.470769
#_#binormal 0.411069 -0.556173 -0.722284
vt 0.183821 0.523769
v 1.41421 0 0
vn 1 0 0
#_#tangent 0 -0.882644 -0.470042
#_#binormal 0 0.470042 -0.882644
vt 0.494896 0.717568
v 1.41421 0 0
vn 1 0 0
#_#tangent 0 -0.882644 -0.470042
#_#binormal 0 0.470042 -0.882644
vt 0.0567244 0.534682
v 0.707107 0 -1.22475
vn 0.536653 0.0819236 -0.839817
#_#tangent -0.815489 -0.205305 -0.541135
#_#binormal -0.21675 0.975263 -0.0433698
vt 0.693185 0.784626
#faces 60
f 15/15/15 2/2/2 41/41/41
f 3/3/3 1/1/1 41/41/41
f 3/3/3 41/41/41 2/2/2
f 1/1/1 3/3/3 5/5/5
f 1/1/1 5/5/5 39/39/39
f 40/40/40 6/6/6 7/7/7
f 40/40/40 7/7/7 38/38/38
f 38/38/38 7/7/7 8/8/8
f 38/38/38 8/8/8 36/36/36
f 36/36/36 8/8/8 35/35/35
f 8/8/8 9/9/9 35/35/35
f 7/7/7 10/10/10 9/9/9
f 7/7/7 9/9/9 8/8/8
f 6/6/6 11/11/11 10/10/10
f 6/6/6 10/10/10 7/7/7
f 4/4/4 13/13/13 11/11/11
f 4/4/4 11/11/11 6/6/6
f 2/2/2 14/14/14 12/12/12
f 2/2/2 12/12/12 3/3/3
f 15/15/15 14/14/14 2/2/2
f 15/15/15 16/16/16 14/14/14
f 14/14/14 16/16/16 17/17/17
f 14/14/14 17/17/17 12/12/12
f 13/13/13 18/18/18 19/19/19
f 13/13/13 19/19/19 11/11/11
f 11/11/11 19/19/19 20/20/20
f 11/11/11 20/20/20 10/10/10
f 10/10/10 20/20/20 21/21/21
f 10/10/10 21/21/21 9/9/9
f 9/9/9 21/21/21 35/35/35
f 21/21/21 22/22/22 35/35/35
f 20/20/20 24/24/24 22/22/22
f 20/20/20 22/22/22 21/21/21
f 19/19/19 26/26/26 24/24/24
f 19/19/19 24/24/24 20/20/20
f 17/17/17 27/27/27 25/25/25
f 18/18/18 26/26/26 19/19/19
f 16/16/16 28/28/28 27/27/27
f 16/16/16 27/27/27 17/17/17
f 15/15/15 28/28/28 16/16/16
f 15/15/15 29/29/29 28/28/28
f 28/28/28 29/29/29 30/30/30
f 28/28/28 30/30/30 27/27/27
f 27/27/27 30/30/30 31/31/31
f 27/27/27 31/31/31 25/25/25
f 25/25/25 31/31/31 32/32/32
f 25/25/25 32/32/32 23/23/23
f 24/24/24 33/33/33 34/34/34
f 24/24/24 34/34/34 22/22/22
f 22/22/22 34/34/34 35/35/35
f 34/34/34 36/36/36 35/35/35
f 33/33/33 38/38/38 36/36/36
f 33/33/33 36/36/36 34/34/34
f 31/31/31 39/39/39 37/37/37
f 31/31/31 37/37/37 32/32/32
f 30/30/30 1/1/1 39/39/39
f 30/30/30 39/39/39 31/31/31
f 1/1/1 30/30/30 29/29/29
f 1/1/1 29/29/29 41/41/41
f 15/15/15 41/41/41 29/29/29
